0	IRIS_313-11293	-74.45797274478372	32.49881830490544	28.331305046031808	34.794440552531974	41.147386261800285	
0	IRIS_313-11030	-34.750695758750275	-22.88335437779094	48.42337863780301	17.323089319912278	80.45039000850718	
0	IRIS_313-11743	-40.785107743155876	8.058926290987653	21.45583406128091	15.692757596006215	67.32939303149735	
0	IRIS_313-10670	-45.865431423678736	14.977997420473205	25.6285031008477	19.891435567359956	67.30734988547202	
0	IRIS_313-8326	-64.26450294236686	25.99136830406861	44.66194983724581	-1.3986804482226647	26.059848636211697	
0	IRIS_313-9170	-62.56883735900236	9.237063900913052	24.624029016433813	24.624936246915127	43.30505446897252	
0	IRIS_313-9172	-58.16473771168823	36.467146132991196	24.31851280860178	54.48477286520998	76.7776141773284	
0	IRIS_313-8765	-30.053132462679663	-11.395628551329814	30.2950031188937	53.04428787953241	36.04774788588818	
0	IRIS_313-11451	-50.5517070210071	10.340081066127633	30.799963175923168	21.698466153041	74.67413515134234	
0	IRIS_313-8385	-59.97912502151962	22.294134321438268	44.4479820681545	0.2830613120324742	30.708362949477017	
0	IRIS_313-10926	-53.72283082053652	6.508118881961198	25.555022025855365	15.186443194189993	69.06021149103213	
0	IRIS_313-11625	-40.196401723482914	-19.459631995693044	48.21314114312361	40.075629260058534	44.96070375076528	
0	IRIS_313-11627	-58.348447067309564	-1.0738039696378026	25.18862000785358	22.820459702734937	58.3691720094627	
0	IRIS_313-8813	-48.62054711478883	14.857333855922784	25.749103248933785	13.640643651267135	67.24922142776488	
0	IRIS_313-8814	-53.29439746117234	5.349539805488074	21.27723602017705	10.818982865018686	67.39910731999605	
0	IRIS_313-11630	-56.99967279927676	2.087939903657551	28.712135007535583	17.013994017484436	68.7475876183719	
0	IRIS_313-11632	-54.33922530094247	3.09138194226213	21.364472752272498	14.7135830025005	63.87150278641367	
0	IRIS_313-11698	-42.14280875699979	17.393428458682468	26.706744897077783	14.865658274976806	68.9817915984781	
0	IRIS_313-9682	-63.0814863190609	11.840685523834736	26.816257563320693	22.114782628193367	42.67617926624901	
0	IRIS_313-9629	-61.64002117907121	17.805278636203138	22.82055500804553	25.50007535887814	53.83951348956433	
0	IRIS_313-12074	-55.72648123169873	10.590777422065262	20.95249202839008	17.841025680221108	35.43976140029172	
0	CX65	-31.805347451991235	8.420484253927754	21.81352576310111	13.953512880983405	48.062596930330244	
0	CX66	-32.778498577686214	5.955896607998138	22.442932891382604	16.07985007933292	37.042167524187604	
0	CX67	-32.15923902788458	5.69153360132532	23.36203824911822	17.114144374587262	37.33822878838291	
0	IRIS_313-11021	-62.06938817612601	5.470443069912991	41.36656297847979	11.2800652157681	65.68275945670004	
0	IRIS_313-12094	-54.8391212162048	-0.5435818484473619	33.74846327126892	18.387386347766313	70.81286330632936	
0	IRIS_313-11218	-78.1919640168974	-23.046000768549703	25.136405474033566	-3.4811449788771545	91.9146682974733	
0	IRIS_313-11350	-53.70633112051526	6.591167933834659	28.66324424958371	5.7917713133902105	77.50309270027624	
0	IRIS_313-8747	6.5932469328563705	1.2744363076458172	32.76726017458379	54.18357000691444	13.139643462047674	
0	IRIS_313-11362	-59.283123316899655	9.137770143755224	20.57612515317005	15.939016939499199	65.27189671348606	
0	IRIS_313-10933	-57.159115517614374	33.04465026590308	21.51102529307087	51.220784726593536	77.94994236595429	
0	IRIS_313-11825	-60.60174038188443	10.912319787733953	30.36895997733087	13.821341970139343	76.95365529742786	
0	IRIS_313-11826	-61.5513987613275	9.173456905333284	21.810087552490163	15.690185331695293	59.32491636606822	
0	IRIS_313-11373	-68.04438955369038	21.70465640509284	17.290901627282967	13.499887829953694	38.60944013577226	
0	IRIS_313-11375	-28.911677869558822	-28.99858014734859	42.89149729252049	31.963913669832024	73.18469129497845	
0	IRIS_313-10851	-39.62396855159196	-35.188306874815574	39.90566379990759	61.19401287735182	86.76668440924135	
0	CX104	-40.613758698402194	5.557524106116968	25.49141747423358	15.954312656022482	73.4501188267671	
0	IRIS_313-11023	-63.39036509739551	10.499437661182839	39.58187104474086	9.888558246448056	57.44720474001129	
0	CX110	-13.234172057229491	2.574497534847139	20.172569234892546	-0.8973247730158325	49.858499816690085	
0	IRIS_313-9601	-43.70627968336982	-1.5120027688852546	31.819167105708388	19.369071345022462	86.2183600873195	
0	IRIS_313-11258	-38.72171291455256	-5.868944641370303	53.1211158680705	53.32464307508066	32.296170400580266	
0	IRIS_313-11259	-46.44291519064257	17.292989427241505	36.88137754514239	28.942664245962384	51.7785723305926	
0	IRIS_313-10732	-59.78826514097091	11.466209742286564	32.03991338971776	18.81777608141866	60.79326863284699	
0	IRIS_313-10521	-57.62229235042187	-12.759915570942717	77.38530724304333	-2.6066517911772658	67.52012748263837	
0	IRIS_313-10868	-55.325075543952124	13.40406329979325	14.25433565105046	17.05961792462419	67.26118090332382	
0	IRIS_313-9445	-63.58131307134913	-35.67564943389893	30.565678749025526	97.19163682518602	-6.718265020317505	
0	IRIS_313-8656	-61.57516135692753	10.06825080351479	24.431228491636627	10.782475078091663	66.59765548389238	
0	IRIS_313-11268	-44.290936598222565	26.080832107956173	24.086075937350238	56.05230809631861	86.97373190579202	
0	IRIS_313-11401	-78.59432271180445	23.16687040981657	24.9587118179764	34.617627743729564	38.89750461962592	
0	IRIS_313-11289	-84.0954718291822	41.596572311513725	34.00359791235459	36.21117057753146	28.671670911172967	
0	IRIS_313-15909	-63.999372728795585	5.4154591261693374	30.40110664643967	23.533130226573142	68.57143111103089	
0	IRIS_313-11564	-63.22408693384686	44.60386407538016	33.201776612038	53.026595878476286	51.839184004693884	
0	IRIS_313-11567	-54.82182597175745	8.757774843243459	36.04901885356115	21.01712792735719	75.13287840588174	
0	IRIS_313-11356	-51.15274097080077	24.913211453302868	31.35868526420659	21.362615465613725	50.915362317035914	
0	IRIS_313-9083	-43.048184646554745	-8.280125670618755	29.714079257386096	17.228552283749064	90.99402811551586	
0	CX143	-60.443030218526644	7.279840378785509	22.468732735099742	13.49859000923204	64.21161305712188	
0	IRIS_313-8268	-55.17993112092417	2.9285645924218904	12.658634607857493	11.667154346209756	71.96019343386374	
0	CX59	-54.11383745377861	9.964279214995626	21.908427128857284	25.018911054332204	60.025130978047514	
0	IRIS_313-11022	-66.81784625700384	14.681443780949284	25.657882374237623	7.779443512403425	51.394310069974736	
0	IRIS_313-8712	-81.05308526541235	32.26336788464985	36.94059644880413	31.288856416142085	32.104068717283596	
0	CX149	-73.20526523263796	14.107884835805772	23.190348128476987	20.890433939744195	51.75930170112752	
0	IRIS_313-11026	-56.40757786358111	13.173071213511417	32.044663203186516	16.593644355651584	78.55082423469271	
1	IRIS_313-9121	-31.284239140657974	-48.98338428179247	33.73977264062177	22.778650122513543	86.36067672992831	
1	IRIS_313-11162	-32.04583656895999	-48.372669427653236	33.038226555343556	23.847648367321533	88.10468586521115	
1	B010	-32.37574288560719	-47.47343560294072	34.1135857272771	23.583587791238074	87.96637156930075	
1	IRIS_313-9182	-42.799134334981744	-45.179314392095414	35.738570065024405	27.72335856307801	70.48364813957778	
1	IRIS_313-10990	-37.8045041927691	-54.708388747784376	34.866235181941576	21.965776680864973	75.02790631311021	
1	B026	-30.843873545460504	-51.47791524702683	40.875737701245605	24.554340502998766	82.68984767576133	
1	B029	-31.499545499982947	-48.81060518755403	33.25445741775199	24.78489560168368	86.56137126138817	
1	IRIS_313-10511	-33.753264399411	-50.122354522184445	32.37388280548871	24.777826611610035	90.69561059609482	
1	IRIS_313-11205	-33.87605327776757	-50.7486115104433	42.72464496805174	21.807524729089273	86.23067503122999	
1	IRIS_313-9262	-32.15047827857642	-49.827607082176435	31.41722365790627	23.714875490010275	88.4297323636211	
1	IRIS_313-8660	-31.235860590071272	-49.287211199363995	31.236903577344354	24.532557465890648	87.49818024398222	
1	B059	-32.394197126830335	-49.0962690397805	34.88648649859704	23.409046255572743	87.77352037957026	
1	B061	-31.101495403741378	-48.89892451891413	33.30386518961399	24.372409615119853	87.73908760422708	
1	IRIS_313-9317	-32.734562593556724	-46.301504166850115	32.761487946792	22.881506647411413	89.35203699547424	
1	IRIS_313-9320	-35.23688357621288	-48.5955812889743	30.19361749815394	23.343871060530567	86.15424649148825	
1	IRIS_313-9324	-32.8950798079423	-45.62087023767884	33.991166552189945	21.631385419881497	87.02737479207381	
1	IRIS_313-9325	-33.22988417290474	-48.42067169783675	34.501093933182254	22.394286914543997	88.28529569322974	
1	IRIS_313-10997	-33.778846657880756	-49.870255389326566	32.13524749001509	25.292570551109954	87.32145557541124	
1	IRIS_313-10614	-28.75230081982191	-48.36653519116382	29.78201728649153	25.17325438449185	87.75568224752489	
1	B073	-28.303392309170025	-47.70528127660681	34.0108683077984	32.29259813148423	92.34997415694171	
1	IRIS_313-11234	-50.055222876519146	-47.52678278030867	33.48701764718276	21.429901700280965	79.35445017189583	
1	B076	-31.415420582761133	-48.85538582571078	32.18868712488408	24.351708836799656	87.80442485646216	
1	B079	-32.13708334367059	-47.78866518107919	34.05032787675036	25.788745606461916	85.22407059918802	
1	B081	-32.13711572571203	-48.464636825712084	32.60341756248586	25.590345754482946	88.05249408740603	
1	IRIS_313-9384	-31.410553165731532	-48.289803488866816	31.575020897843626	23.63792954861308	89.53961577473524	
1	B089	-32.814797746062446	-47.938235401784105	32.1978552360516	26.254081299747018	86.67684449355038	
1	B090	-27.382831559678287	-47.06868818013317	41.2182511744389	20.150729221249446	92.04334118030086	
1	B091	-32.90636518214525	-49.20932190724387	32.591621357132794	26.55763356178134	88.04455545699552	
1	B092	-30.81835298820184	-49.33900008899185	34.53629288876033	23.835973979090262	87.0629189778009	
1	B094	-30.8147062387814	-49.38552151203989	33.180139929186694	24.7296072668742	87.16273103337262	
1	B095	-33.372300089656676	-46.427206371605266	31.949680903437834	24.17591378594779	87.54121985361604	
1	B096	-33.295154585584726	-45.835879101705395	32.78528409677274	25.351939218430758	85.3985046478152	
1	B097	-33.57440886820048	-48.09752268842259	33.50572605434528	23.88300613716637	87.59744555573104	
1	IRIS_313-11256	-31.67981697424095	-47.2184338693978	32.05184342373087	23.823110910434345	87.26795479011754	
1	IRIS_313-9424	-32.87812258593923	-48.4979406711423	32.04952375293858	25.716277390864164	87.44890349889602	
1	IRIS_313-9427	-34.91893478060009	-46.4597584560036	33.03212995837324	22.060114995074905	89.379554618356	
1	IRIS_313-11261	-35.556338121298914	-46.68544798849064	32.35366558610075	24.93273150745449	86.26894366124509	
1	IRIS_313-11262	-33.36049853803884	-48.69972722348067	34.33893719596628	25.162618699917502	85.57127387891936	
1	B107	-32.52463578873984	-47.96603389421029	31.919610904853354	25.22073201555529	86.82319102612627	
1	IRIS_313-11264	-33.54479419852557	-47.50063398072936	32.42681717115564	25.357620684426852	86.48769554025678	
1	IRIS_313-11266	-32.50514504625094	-49.070533109980424	31.59545355261503	23.93681982225486	88.34353826234499	
1	IRIS_313-11267	-30.626513425795633	-47.72935569747703	32.153096605245175	24.5341931128275	88.31610777893378	
1	B113	-32.486650546789974	-48.859148271778835	34.093570494210645	23.35014623929637	86.94021403992366	
1	B115	-32.467619955344496	-49.56474511326204	33.300573330840145	23.88310732562587	86.92604687997252	
1	B116	-31.784799376775037	-45.32681297287295	28.648722387933322	27.285198204454716	86.3538804331195	
1	IRIS_313-11273	-30.73526267079008	-48.0096380608165	31.409405925755674	23.606340526563688	87.3245972691926	
1	IRIS_313-11275	-32.94202728115673	-49.48907102590082	31.530612779475696	26.382317042677858	85.6107682334153	
1	IRIS_313-11276	-32.697388819265704	-47.976070765554695	32.95595679248287	24.326014254647973	87.18203308044146	
1	B121	-31.590525127253574	-49.34037626007586	34.716158662563046	23.862652912759398	87.15422264598739	
1	IRIS_313-9492	-33.691382083835045	-47.44598822113877	33.16175384286038	24.38378637936557	87.88829806047472	
1	B123	-27.087069814071445	-47.068429026878995	43.78468310256753	20.51626450584634	91.42197500008542	
1	IRIS_313-11280	-38.322034362299945	-49.94496623205523	26.83249974760942	25.980867120960788	87.43968048013707	
1	B125	-29.207160818049054	-47.425459904024635	32.59543766090676	20.388987859311513	84.95018399512577	
1	IRIS_313-11282	-31.914665634054803	-48.75849557260004	31.24266968174517	21.661587190482546	91.83618177164803	
1	IRIS_313-11283	-36.275132613703356	-43.75910598190161	28.630704218237504	18.95913756677086	83.35384225529113	
1	IRIS_313-11284	-30.211333315365543	-47.73554559471087	34.08657504599007	23.747045125183277	86.23953563118388	
1	B129	-31.728566730942426	-48.63436633982839	34.22987746045169	24.63637145663459	86.6187432041129	
1	B130	-31.2388149354541	-48.12799301796761	33.278937881891856	23.98672912764849	87.96201781128197	
1	B131	-28.536351048177163	-47.36286965266233	31.45950342813633	29.790061563605747	90.63314894946215	
1	IRIS_313-11288	-28.49194322675879	-38.655429564036695	41.05530590421784	18.639763178200052	92.03864850686249	
1	IRIS_313-11292	-32.089781100871534	-46.882210228163956	29.204362370498764	22.234166283309293	88.08515803411505	
1	IRIS_313-11294	-31.646216356643052	-48.6761615177612	32.8691680114499	24.022112652763273	87.09846243267258	
1	IRIS_313-9560	-34.45237929648004	-47.91488495707093	30.975278298948563	26.26099063832565	85.87727310732707	
1	B140	-32.69295136940281	-46.44325523587183	28.477667916962904	26.22751308699337	84.89005103578891	
1	IRIS_313-9570	-37.467583114333806	-41.61572165367704	19.373674790640358	24.2278935773605	74.99304659219544	
1	IRIS_313-11300	-35.21903929199399	-47.08134425793251	37.37295436445567	24.639357033739913	83.48583428188442	
1	IRIS_313-11301	-31.76393035534713	-49.10021037327446	30.455618769725678	23.037799440470454	88.21399150288424	
1	IRIS_313-11303	-33.232989876273784	-47.709341419360605	32.03496427518218	21.383035357931185	83.52349400698753	
1	IRIS_313-9590	-38.93880360357699	-45.52648026676423	33.789530742529756	17.934855700238746	85.89047370456578	
1	B149	-32.31018505305543	-49.66800969372468	34.29788046906657	22.9401047220676	87.23405138086841	
1	IRIS_313-9594	-31.88063430840566	-49.18862613981812	31.727733843716376	22.16419533905463	87.46566756190006	
1	IRIS_313-11307	-33.60901208816784	-47.37654234806789	32.288408082205564	23.10073698702011	87.17122266459356	
1	IRIS_313-11308	-31.095156818752884	-47.482399206481766	33.07874077011444	24.283705041512235	86.7141123311475	
1	IRIS_313-11309	-33.47011298004607	-45.80373908873047	34.49239819639898	22.610197783005532	87.71850443152381	
1	IRIS_313-11310	-32.8932237150447	-46.77956170596077	32.366885689868155	25.541945928896197	85.78083816081664	
1	IRIS_313-9605	-33.31356167734489	-47.889866930994565	32.92008146792547	24.98143306767352	86.20868961477451	
1	B157	-32.47959307108479	-47.746112666916844	34.40260413415958	23.341126073073298	88.66715118656842	
1	IRIS_313-11316	-31.208404459796146	-43.74267859545534	30.769963950449604	24.68319889512913	77.30119201280101	
1	IRIS_313-9619	-32.89801296080535	-48.397505847865986	34.55218351005113	24.40142183047193	87.7930599275084	
1	B163	-32.77734091535193	-47.52786086895808	32.25065712425449	24.994737665206248	86.81508902643355	
1	IRIS_313-11321	-34.18117069381665	-46.254704225297594	32.0035629454318	21.64885347022404	88.98449111897797	
1	IRIS_313-9634	-34.53790292297101	-45.5134636054779	34.87288941297848	25.527282476478298	80.22294557405198	
1	IRIS_313-11338	-35.30384604757956	-47.809920996430776	28.316253599835832	21.176462414521605	88.11754796062542	
1	IRIS_313-11345	-40.45161300155673	-52.19145578091241	33.86403642947729	21.451259344381125	75.27254491641101	
1	IRIS_313-11346	-32.11669501528962	-48.28047606195765	33.241883756061284	24.293059007838867	87.23534027072164	
1	IRIS_313-11347	-37.10467249205611	-53.597960071900104	38.44493847222818	22.205462009907624	76.99862354638196	
1	B197	-31.769962485216926	-45.75389654585913	28.96833828752614	27.00798683042127	86.53679728605337	
1	IRIS_313-10814	-37.127042416270946	-48.44412507170151	33.22044494346227	22.472916493967176	84.22187524664137	
1	B208	-32.25562914732604	-49.64339580028932	32.94098277317469	24.29517588178365	87.45548680947235	
1	B210	-34.18989032301889	-48.2954754784638	34.409082351585056	23.834509860441706	85.30006501904256	
1	B214	-35.05671180431151	-46.66025200225538	31.331712749479973	20.478906467885498	87.9213588991751	
1	B216	-29.06418143187417	-46.44634682356072	32.52366552331069	24.66200286495363	89.03854979809633	
1	B217	-34.55199765284338	-42.14804759985045	29.13869623519877	21.88083951362062	86.18382229457636	
1	B222	-32.25253911090071	-49.20811498293063	34.376034231281835	23.979927305764665	86.61297481212193	
1	IRIS_313-10847	-31.647106014106935	-46.38406734572814	32.66816322566451	24.183873248304327	86.50535665978929	
1	IRIS_313-11306	-31.27986127412999	-46.85996177338667	32.338386344186496	24.41407031735342	86.5440129635333	
1	B229	-36.20574728836924	-45.62238059264073	29.741633870820277	28.187489218343714	81.78616925063625	
1	IRIS_313-11382	-33.44053392581159	-46.8399725994899	31.824684190823525	26.17313451297979	84.15153194705877	
1	IRIS_313-11383	-32.483857590065945	-50.487968745138936	30.831764658377065	25.108618494012667	89.00997698998374	
1	IRIS_313-11386	-32.75513164676723	-48.64472052419279	31.81479444439538	23.263408708454115	90.81481968715845	
1	IRIS_313-9867	-34.03673004551106	-49.91808050920064	32.82548811342659	24.350005383688014	86.96384179464943	
1	B247	-30.90443598138965	-48.411196495296835	32.57691453411972	23.773185631262166	86.84740441545304	
1	B249	-32.67593258310467	-48.982594728786076	33.005641790879466	23.823429682126648	87.36824155729884	
1	B252	-31.350966335672425	-50.712914516634235	29.539273972955073	26.52258401656665	82.37531862520659	
1	B253	-33.43023461676227	-48.990018163427735	28.361112366725155	20.323936858745878	90.2852159752718	
1	B254	-33.51387785769745	-48.75739572225393	28.417763262421207	20.289869911921002	90.09682331900858	
1	B259	-33.618605031417076	-48.43880674473005	34.30387202026058	23.138355438863552	87.6154706813193	
1	IRIS_313-11407	-28.541375319908937	-39.61242595381653	32.25913549539832	23.17261780820341	85.98877768815443	
1	B264	-32.74645469833413	-46.506024597954415	28.343336551670575	26.241273485265463	84.69289477259413	
1	B265	-29.401333249611486	-48.24205608575018	32.63993495864528	33.01095651845916	91.78054619626207	
1	IRIS_313-9968	-32.710423400297444	-48.76318476642428	34.00444641357439	24.87551178923113	87.0552631599176	
1	IRIS_313-9969	-34.02654617861691	-46.666615319856504	32.31902142246534	23.620036314354504	87.50246160773676	
1	IRIS_313-11206	-32.90560503777435	-49.32447310484226	33.16315804650385	21.396876880850474	87.03819780506724	
1	IRIS_313-9976	-32.6921199386695	-44.82467305303351	35.932015803879196	22.41761529822803	86.92875744805136	
1	IRIS_313-10674	-33.66554813089667	-48.14791180413927	30.144076233355754	25.517900228891218	86.7881447986626	
1	IRIS_313-11442	-32.38887553935033	-48.14723651483165	31.88009494296125	23.953308153563224	86.71850921313656	
1	IRIS_313-10675	-31.531806874762214	-48.43824478919395	32.6309860616895	24.414435375865192	86.50919536576585	
1	IRIS_313-11447	-32.81983592977962	-48.08479757472517	32.87235915701447	24.563991226604948	86.73647327632855	
1	IRIS_313-11461	-31.797918381478787	-48.033045072940254	33.6799984556025	24.665773504011494	86.23814518922484	
1	IRIS_313-11467	-40.057455195501284	-56.138870696337214	27.581589463041517	21.822871923148192	89.26517389432729	
1	IRIS_313-11472	-34.84476057866663	-50.27845002907966	36.7653969432275	20.578116890662827	86.88365908090987	
1	CX60	-29.075389079124193	-49.16026406699033	30.71045830354245	23.67898363678475	87.47042304831288	
1	IRIS_313-10681	-32.955328285946194	-47.94582124817267	30.08980131192668	22.118346291996552	89.56431641225983	
1	IRIS_313-11493	-33.32330164007117	-48.830395401998054	30.985016431605203	23.49169529302492	87.75909263339783	
1	IRIS_313-11521	-38.340454439120045	-48.791628519937184	29.253539761121377	24.815885090688788	84.37930241481887	
1	IRIS_313-10687	-34.47710415065221	-49.28027198821843	30.976970659536963	23.010288572158952	86.43826532294787	
1	IRIS_313-10171	-29.842370250167892	-48.95577003852811	34.32633650758892	21.728545903601248	85.80721226864934	
1	IRIS_313-10177	-32.01179288652319	-46.332001064468564	30.547885727460965	23.880435816052284	89.07922891835833	
1	IRIS_313-10179	-32.063919414541935	-48.701158363791734	30.077090943641235	23.565034703705724	90.81274271611542	
1	IRIS_313-10189	-33.28388280816631	-48.852273237232104	33.51421072699093	23.838996054812757	86.19405114898366	
1	IRIS_313-11530	-34.99237346045479	-47.2626264638333	32.666210904537294	21.81288700141277	90.6437981532397	
1	IRIS_313-10221	-30.33543436741773	-46.13401746649664	31.977136570917178	23.856708845176566	89.13469618888259	
1	CX114	-31.092602267773213	-49.10038490401296	33.4842787379798	24.385444801132664	87.40499532321907	
1	B064	-31.986502473924514	-48.469998584097766	33.656534271247644	24.5970589665725	87.78348348021687	
1	IRIS_313-11558	-36.018125198258986	-50.694595024721615	32.59316747339473	25.22331454622675	84.89198009929036	
1	IRIS_313-11561	-31.63042853786547	-48.14085925659179	32.94998282963497	24.650261148949475	86.63358512185154	
1	IRIS_313-9917	-32.025122847748825	-50.74052354241223	38.86274701449025	23.7545347134769	85.58160888234774	
1	IRIS_313-11565	-33.93574161316644	-48.244793020820545	33.25744665092652	24.779543011629862	87.37750560291741	
1	CX141	-35.23098662257452	-49.68715620313243	30.96505958972204	25.706784495599738	86.13329291399101	
1	CX148	-34.383813198646	-48.7116868926929	31.928590840530116	23.479516330019955	85.33099492658786	
1	CX150	-37.987717881840744	-46.82319375697562	25.97272408537195	26.333928406674758	84.9670486661509	
1	CX154	-33.827054390550394	-47.162389333061434	30.8134451815233	22.476368938808445	91.02332830549327	
1	CX158	-36.92404683100622	-48.922001084499335	29.59239604708037	23.696054719640344	86.27988290530702	
1	CX162	-33.51312133915292	-47.23842637513793	32.12885377675788	25.6681167517308	86.34808150134282	
1	IRIS_313-10880	-31.544306115586757	-47.1588715253496	32.874668192254354	24.231970881771577	87.19830321715072	
1	B261	-32.02944195555913	-49.15140002222261	32.831235996564196	24.39108225071096	87.59848049702502	
1	IRIS_313-11622	-31.591874433605852	-49.124574630802734	33.922995117592016	23.942277552013298	87.77910031119781	
1	IRIS_313-11624	-31.469565702230486	-46.7770800228348	34.23945100976843	27.192620460641304	87.76906777604161	
1	B074	-21.00729691415493	-45.88043187475158	34.69370154564527	17.86740856682235	83.54397197422432	
1	IRIS_313-11443	-34.660350824375264	-47.69531915826716	31.463463440438264	25.726847534388916	85.48770795160381	
1	IRIS_313-11635	-33.974487271434135	-47.70798460992875	32.664211628039794	24.975456312942523	86.55122928423506	
1	IRIS_313-11638	-32.682227507976826	-47.792086435642005	31.848392924466914	23.08774941872602	86.98121340822269	
1	IRIS_313-11642	-34.63271964805657	-46.04508966502223	32.876322229047574	25.56523178221659	85.10751695066847	
1	IRIS_313-11645	-36.32378365033227	-48.89359258512667	41.91605162209022	23.772452143366646	80.13947368960712	
1	IRIS_313-11646	-34.40475817271763	-48.37158384855479	31.599432542448632	24.918316079157943	87.3406910994982	
1	IRIS_313-11647	-31.658373592161567	-48.8317649841654	32.162668576862494	24.64684513832248	87.36251197499807	
1	IRIS_313-11648	-35.42690780109019	-50.616388916921856	34.952562684009834	22.494879809032472	88.21492914381149	
1	IRIS_313-10706	-34.143890286672914	-48.72115823471718	31.601992166150758	22.49859316107335	86.76348489293242	
1	CX270	-32.0834217378834	-48.44388687333383	32.36044465979856	25.0794513638202	86.7581468245059	
1	IRIS_313-10477	-31.911226144799556	-44.76398275525975	29.855189843458362	30.91596262170604	91.73930638422037	
1	IRIS_313-11824	-31.097767059396386	-48.31391965454725	32.59304447360735	23.255803142664714	87.37972930852749	
1	IRIS_313-10503	-32.33141929378502	-47.85496711980438	34.44879612569779	24.464343113447566	86.62795732804389	
1	IRIS_313-11664	-34.19040983332899	-47.896910595699126	31.59610772466057	25.751326900644617	86.2334463037823	
1	IRIS_313-11665	-30.97916389280677	-48.65235607951899	34.99896818741945	24.760670300975832	87.4626878006749	
1	IRIS_313-11666	-32.42092284258875	-48.55482935098765	34.023160341433645	24.257493424078746	87.29129025808882	
1	IRIS_313-11667	-32.2597173948221	-48.37563906137517	33.843555437180754	24.131512778806016	87.42473801559274	
1	IRIS_313-11668	-22.22745691598266	-52.77567450870157	30.681543033655796	22.21587577654551	83.0889695498963	
1	IRIS_313-11674	-35.470540754282936	-48.44434482754368	30.15331353829382	24.54032741897323	87.99323433359639	
1	IRIS_313-10518	-34.24890911859459	-45.977479620032184	31.94933309755718	22.71396509172543	85.34986397693736	
1	IRIS_313-11677	-32.77556868789872	-49.33204323462925	37.129477478305695	22.91021579951323	84.92246417077445	
1	IRIS_313-11679	-33.197096307227945	-48.14653672963478	32.98499032966762	22.368800756402745	89.96813909682628	
1	IRIS_313-11681	-36.5628618296713	-51.92266002243506	27.054643960890132	30.262196761437558	78.99993674701369	
1	IRIS_313-11683	-33.6206250638748	-47.23458573689397	33.075998861883775	22.66980717512855	89.26378917750883	
1	IRIS_313-11684	-34.03614154704873	-47.87749189230845	32.780585499138226	22.728351014462703	89.81323641045772	
1	IRIS_313-11685	-33.82477200970792	-47.16515441167477	31.21014456423239	25.862282514605006	85.74637883855702	
1	IRIS_313-11686	-34.374126418874766	-46.42995284217012	31.742408281198735	22.90349884978837	88.25164181789843	
1	IRIS_313-11687	-34.80170596617681	-48.283987312101786	33.27216274442181	20.75540099978923	91.06865460091045	
1	IRIS_313-11692	-32.046492935984254	-48.866350200063316	32.84716061431947	23.938258564410862	86.58551355064262	
1	IRIS_313-11693	-31.21341563803058	-47.54623690755185	31.783194906478382	21.872187678877868	86.94098266208853	
1	IRIS_313-11700	-33.97031252796645	-47.317341597922464	32.04590654645439	22.909147741596467	88.2644974244726	
1	IRIS_313-11704	-35.48052666071301	-51.471251226303735	28.55802557327139	30.545844408250858	80.97062762163766	
1	IRIS_313-11705	-34.39470806540217	-47.35012929448288	32.97873493007316	21.398270180388455	87.8454601992512	
1	IRIS_313-11706	-28.587705521381437	-45.5710600022659	37.41253563636007	18.00771744595536	90.58158996121693	
1	IRIS_313-11707	-35.92875570116354	-49.08674984814559	33.378948585455255	24.09855432713925	89.22160150041738	
1	IRIS_313-11708	-34.80359201221662	-47.97911446484822	33.79171560773937	22.911277039336646	90.53108780758072	
1	IRIS_313-11709	-36.39482465294698	-49.769029229386504	29.69242362163416	27.673190501122004	81.74153767180097	
1	IRIS_313-11710	-35.272154465137135	-48.228168472397996	34.092306589495294	21.879587944367746	89.25431932418206	
1	IRIS_313-11711	-35.62066171886449	-45.84811202748225	35.03736888806942	23.678440294134912	86.95666209885381	
1	IRIS_313-10824	-36.65863562825937	-48.73465976688702	33.13733290682195	24.567697573728026	87.63192792055236	
1	IRIS_313-11717	-34.475774908181315	-47.84297131091625	34.1924039412606	21.109529026138055	87.36494909893632	
1	IRIS_313-11719	-34.29285186402613	-48.09574704635598	31.631198707419948	22.957236997193252	89.23890291218899	
1	IRIS_313-11722	-33.58474753795316	-51.30632463832131	39.752218932925736	23.302262067052983	86.71423949273007	
1	IRIS_313-11727	-31.50819472308756	-48.6121028102113	33.19220384383946	23.731038814163476	86.81738779547247	
1	IRIS_313-11728	-33.076965812822856	-47.19141356728279	32.71322260596971	23.859458882480677	87.68603689594661	
1	IRIS_313-11730	-30.524492991190893	-49.19311298686611	29.756983710003635	22.623751922486	87.14998052956226	
1	IRIS_313-11731	-31.88971261551828	-46.96533744483851	30.099520113456972	26.12939686630075	88.73760557523211	
1	IRIS_313-11732	-31.692565153730865	-49.37892231840271	33.169254848775914	24.87773792950583	88.04625072453018	
1	IRIS_313-11733	-32.94895412430828	-47.047951794364295	30.203134761965885	25.93920459388548	86.28969248548219	
1	IRIS_313-11734	-32.804671208132476	-47.69670236498983	31.525292101707038	25.283817707045934	87.02173873293142	
1	IRIS_313-11738	-33.02651253327539	-48.59152399201657	33.50728152845534	23.696217183730866	87.86290100217069	
1	IRIS_313-11741	-31.44539124132856	-48.59542752403462	35.10421084563697	24.719346609543596	86.49451794304326	
1	IRIS_313-11744	-28.308034212665465	-47.06691894537887	30.605862304906747	31.255532768121764	92.71211560168368	
1	IRIS_313-11745	-32.648505168265466	-46.085980286766485	28.722736808281955	25.61809805481347	87.57416630382977	
1	IRIS_313-11746	-31.28488784796796	-49.45382284689746	30.47737855151642	25.06669024014329	84.85258825594659	
1	IRIS_313-11747	-29.888888534644693	-49.223694696398404	31.30713011962999	23.92347259668773	86.69434380659959	
1	IRIS_313-11748	-28.393392274921464	-48.19328823588169	31.448311662100256	27.540212406486567	91.8622723550257	
1	IRIS_313-11750	-31.69305469491196	-48.37903995023815	34.167229227415675	24.666185863570576	86.60067645574614	
1	IRIS_313-11751	-32.15804284421697	-47.646675166711326	32.12585387190465	23.633021261220186	88.27114789721622	
1	IRIS_313-11752	-32.643925437780716	-49.03262517710085	33.767141809850045	24.55309747377362	85.9153793720746	
1	IRIS_313-11753	-32.37625232819607	-50.006717357519136	31.50933427219267	23.19803416849891	86.96390450539042	
1	IRIS_313-9406	-33.829211185688834	-49.28042084340454	30.957964595022517	21.532109191769823	91.83927352496532	
1	CX403	-33.215491424119	-46.01017016856007	28.520812962982575	23.795741553293173	85.06779310654703	
1	IRIS_313-11076	-33.80158773760393	-49.180572361281506	32.88276143239435	26.163526690866867	87.70293138870207	
1	IRIS_313-9409	-36.24800407427643	-48.17137348782413	29.06271038968644	26.37634973946149	87.56088709209976	
1	IRIS_313-10651	-34.12363984812589	-48.087282290715294	34.306518887727044	23.08270885345201	85.96862910545934	
1	IRIS_313-10652	-33.93213248937784	-49.0329524087377	31.709010675994154	23.441187276493764	89.392566808329	
1	IRIS_313-11255	-31.83600587228488	-48.16100673665595	31.953362465134973	24.733156632328274	86.99527385966712	
1	IRIS_313-10664	-32.21230351658932	-48.44454811605927	31.75140910583509	25.460167516916904	86.95330770344964	
1	IRIS_313-10666	-33.090873974393	-47.104245959694225	31.259167386755205	24.973086734387472	86.7595104623668	
1	IRIS_313-10667	-33.90024569023385	-48.639433308532375	32.28793658473376	26.109473444144772	86.3989308468493	
1	IRIS_313-10668	-34.37103486694643	-45.74515413675032	32.056131019888916	23.33481811776464	86.07779595182087	
1	IRIS_313-11795	-32.616561713705565	-49.54455618876813	33.923844651864755	23.416565881110653	87.36277461328288	
1	IRIS_313-11796	-32.82242178196781	-48.955984694655484	34.282812426626606	23.8515835549713	86.80509656554011	
1	IRIS_313-11797	-23.926326406360204	-52.03120390204759	29.34018907696481	22.913495756943494	85.82997663171949	
1	IRIS_313-11798	-33.334979314955554	-48.97242132401239	28.31243863509756	23.48984404141327	88.21794277176211	
1	IRIS_313-11799	-32.97485389527304	-47.71997284603047	33.16425019765182	24.45226027683512	87.0955007784601	
1	IRIS_313-11801	-31.962133041888077	-47.43501198553391	35.60712648215102	23.533942563608083	87.89694911722466	
1	IRIS_313-11802	-32.97943032029019	-50.428043265551544	37.04979326922568	25.611481359439864	86.81756792457075	
1	IRIS_313-10682	-34.000966412099515	-48.413113822060815	32.8256677761554	23.018932953538158	88.60836745435724	
1	IRIS_313-11804	-31.780058258850087	-48.6740514678616	33.76620753481739	23.62896282874723	87.7198108280381	
1	IRIS_313-11805	-32.222704146934085	-47.40498861607191	33.262141699644005	23.87846462263666	88.11005644337808	
1	IRIS_313-11806	-32.768083129698354	-46.75047137607391	30.76133868999438	25.20441927428241	87.72328794146073	
1	IRIS_313-10688	-35.415784862998585	-49.019148829285	30.940096421228127	24.052642769691825	86.65186737830544	
1	IRIS_313-11260	-30.750280802897425	-48.026264330500446	32.067727394976465	24.30700035604031	87.33902257404452	
1	IRIS_313-8305	-32.51241389635786	-48.304702421144775	33.79265496358978	24.27116557238199	87.90472910583276	
1	IRIS_313-10697	-38.39762995793133	-47.853159791895514	31.876350363961983	23.704114217177626	84.69707051760705	
1	IRIS_313-11816	-32.621225485066795	-50.133591872420624	32.680584501560006	24.633288207254953	88.66551314958501	
1	IRIS_313-11817	-30.768776296649083	-48.48329038910671	32.296183830990216	24.120135952581865	87.30403809109721	
1	IRIS_313-8332	-32.762398964694206	-45.76133863405629	32.94871705942187	22.863592757517466	87.57800512545866	
1	IRIS_313-11819	-34.772758689395125	-49.45115112973409	29.43710974643775	25.25307503522971	87.62309982893566	
1	IRIS_313-11820	-34.95183337902944	-46.45779578053838	31.757668964151296	23.229264384655888	88.30608731544935	
1	IRIS_313-11822	-32.08517313476357	-48.159005289542705	32.67270737536358	23.69392795413403	87.04275181455962	
1	IRIS_313-11823	-33.24514258910317	-50.3772728176709	34.09844871064257	23.124905664611568	87.79443914701046	
1	IRIS_313-7736	-30.97617159055611	-46.245476094764804	31.59745686673787	22.764169006085012	85.2178124662217	
1	IRIS_313-11833	-34.75164402437672	-48.69754763350591	28.578439360296677	26.049254311548925	86.81781431482311	
1	IRIS_313-11835	-30.917890772131003	-49.18337252206922	33.463326244564094	24.54806624504611	87.37701579441836	
1	IRIS_313-11836	-33.14841425937843	-48.66869862570879	33.906434559792245	21.4782156220599	90.24948894964753	
1	IRIS_313-11840	-34.46125967448049	-49.78427284005118	30.9240542551419	21.861503943450206	88.58378492379343	
1	IRIS_313-11842	-34.55402410156924	-49.203618900066715	33.04378990335955	24.054172064605915	86.27345109517326	
1	IRIS_313-11848	-31.297585664901913	-49.23803192990833	31.510399157039927	23.651135380423	88.68027859672416	
1	IRIS_313-11854	-33.32952309764254	-47.333371047395616	33.99966516856339	23.488806339782812	86.91824232371854	
1	IRIS_313-10748	-32.186420943232044	-48.0659494566292	32.334658641905186	22.83713175580505	87.45724020249541	
1	IRIS_313-11866	-32.344729314992534	-49.91396914769402	34.024790657707776	23.285351644240105	87.31933342109757	
1	IRIS_313-11867	-33.01653493274238	-47.1376848605581	33.613969630640554	23.99655245785547	86.27637956826028	
1	IRIS_313-11870	-32.764712527989595	-47.90068320462255	34.40477216897711	24.590534226267806	87.10004479727317	
1	IRIS_313-10755	-33.885286620216625	-47.87037338487138	29.95227286205312	22.859701180091072	91.42584258611957	
1	IRIS_313-11877	-33.58239419807176	-47.6545020294281	33.82529797515664	24.138328152139113	87.33779730676	
1	IRIS_313-11878	-33.10426427730239	-46.86053840763079	33.237518956005246	24.265942200471734	86.28888112708236	
1	IRIS_313-11271	-34.18843519792216	-46.00274084249914	33.35445364775966	21.749555248108525	89.42756628909382	
1	IRIS_313-9469	-33.3558062975483	-49.18510209627873	35.001533149721936	23.492511854175923	87.92842997132341	
1	IRIS_313-10774	-31.968738612493947	-48.89473419519571	33.17549620924152	24.415438126042226	86.46008062246099	
1	IRIS_313-10778	-34.19929979024258	-47.68560646710156	34.13588302812489	24.227208473665456	86.98338614628098	
1	IRIS_313-10779	-37.4633839766159	-47.96457349243999	32.92940159579472	21.482062107694137	84.59964414481972	
1	IRIS_313-11909	-33.234436958793424	-46.68302177456328	30.296783762505843	24.950480661392607	87.66323590064393	
1	IRIS_313-11916	-31.4431946611552	-51.15237081199446	33.24966301198729	24.0100823733434	85.7008585720363	
1	IRIS_313-11918	-30.658558297501088	-48.61738837303231	31.973254625984513	24.103348614271823	87.29091705137694	
1	IRIS_313-11919	-32.280047289279906	-48.26651240103437	32.52449007429088	24.211535824382256	87.14969296768385	
1	IRIS_313-10806	-36.04686928426799	-49.80123954228873	33.04303503044204	24.762247826860524	83.2557308178724	
1	IRIS_313-10928	-32.949989099781206	-47.744149521454005	30.7813734808387	23.211296390854177	87.08904921951942	
1	IRIS_313-10810	-34.53888758661351	-50.72318768234989	33.42108232374087	24.801766737333246	86.97325160317304	
1	IRIS_313-11279	-31.519741605168644	-46.56066709140895	31.16284461386525	24.152972294336703	80.63169210600006	
1	IRIS_313-10813	-38.16794486025734	-48.08172030783535	35.31132963982447	23.51214546033663	81.5963067274661	
1	IRIS_313-11935	-35.43168381529423	-48.17754613643937	29.333948670621673	23.51875311307404	90.17415758826097	
1	IRIS_313-10822	-32.78343491265761	-48.60426820050543	31.063664409843582	25.32497467855112	85.46561040030235	
1	IRIS_313-11945	-33.927587248523295	-49.37651953493551	32.47882829592009	23.6661853325238	85.79440185616411	
1	IRIS_313-11281	-33.39703744760458	-47.62111773228553	33.96889417277695	23.44852782400443	87.39582594365778	
1	IRIS_313-11949	-33.89262847330287	-47.98080526274362	33.08862764847749	22.92116087381178	87.63230446360197	
1	IRIS_313-11950	-32.48502237346744	-49.463942941030254	36.5190304906597	22.932789310400032	87.28361612325938	
1	IRIS_313-11953	-25.015352101861733	-40.63714201597162	32.95959853509385	37.208312492242214	80.6720839638506	
1	IRIS_313-11955	-32.54617083615877	-47.34284043037245	34.95878028396075	22.940275171047848	87.31939442718789	
1	B105	-31.043444686586792	-46.165592208903455	32.333931138610446	25.173975887039774	89.30247456395914	
1	IRIS_313-11959	-40.307630392669	-56.24424137858404	42.824108655508944	21.859690294671015	75.06573980706109	
1	IRIS_313-11966	-32.56879665815874	-47.709862383748856	34.649482227179476	25.19237283793862	87.46752524509694	
1	IRIS_313-10855	-33.625311255420755	-48.42136511208971	31.381573843993955	24.26258394152799	87.72784132056287	
1	IRIS_313-11286	-43.08472528976237	-33.5687655842234	35.956621996885445	20.15003121368626	83.03587432754881	
1	IRIS_313-10858	-36.453145832897086	-44.15520800907304	34.29037874659237	24.2335238493516	86.5508999032516	
1	IRIS_313-10863	-33.112196606667816	-48.433387399926275	32.04981764576924	24.955501270383962	86.4209064076861	
1	IRIS_313-11287	-34.123901754236186	-48.146136000759675	30.778239138389047	25.22657444810201	85.27780008580254	
1	IRIS_313-8414	-26.171489943125305	-23.22895496827086	33.4822648516647	27.75792456606108	77.1263606045412	
1	IRIS_313-11989	-33.79529802244589	-47.15137068436346	30.844208733404052	24.80668353868973	85.38287061798312	
1	IRIS_313-11999	-33.750329032976815	-47.99656665819304	32.87912155687091	21.87692259114691	90.76663315353285	
1	IRIS_313-12000	-34.87366427870895	-48.50950154472694	31.233284457135696	24.88954213539365	85.48705923630875	
1	IRIS_313-10762	-35.301353435605584	-49.67740963410995	33.51558561073912	23.954062638686256	87.16486985487994	
1	IRIS_313-10885	-33.68722242793738	-50.917122869219256	38.32322717846076	21.071687108692256	87.50585894786876	
1	IRIS_313-8253	-33.81221282595264	-47.324932143169654	30.760288908103508	22.44309124951075	91.24314697637894	
1	IRIS_313-10887	-33.9143684917692	-46.94919921693081	30.76284088962744	25.235999195598332	85.66932229230154	
1	IRIS_313-12010	-33.42953389045597	-50.888253185529685	36.70498346130831	24.979928783307123	87.32923287700211	
1	IRIS_313-10897	-33.42286318687895	-47.28746679200271	31.741028679183287	25.14662418845937	86.33032164155435	
1	IRIS_313-11882	-32.59206011883813	-46.8432145593073	34.41671789363428	25.481447080738526	86.42905888642997	
1	IRIS_313-10900	-34.09438446677157	-47.96954908657683	33.59795303685986	24.25071121485668	87.03493604517165	
1	IRIS_313-8312	-36.7087486264555	-48.83427821244741	31.27106482350671	22.582118643068533	87.74823630150418	
1	IRIS_313-8315	-35.614124435474345	-46.626330382204124	26.79312517955073	27.30981951104168	82.95419192660327	
1	IRIS_313-12033	-33.59316332720577	-48.75483875266924	35.1385415052816	22.99648514143887	87.52201979668153	
1	IRIS_313-12040	-33.141892719157134	-48.177459341437164	33.45934399882633	22.54066813943371	89.8228272816552	
1	IRIS_313-12041	-33.44786035377986	-48.25223478026383	32.50168140140031	19.984961125607796	91.86892338627229	
1	IRIS_313-10912	-34.992151501334476	-48.91312089537314	30.49105574607486	23.17861385165933	88.94715825513774	
1	IRIS_313-12044	-34.11589252923049	-48.9358734257526	31.009525061298522	25.101119358200222	86.96367861837828	
1	IRIS_313-11118	-31.383103922547846	-48.88861419556774	33.17885323682082	24.55175907786103	88.00609939776623	
1	IRIS_313-12048	-34.99580802494727	-47.18930660599092	30.233989353329218	25.23060406244065	84.56874015785915	
1	IRIS_313-8386	-32.06346386373281	-46.83088014122667	32.56699593726437	23.912106614659915	88.86059446693082	
1	IRIS_313-10924	-34.27889148415599	-45.515523890550874	28.967831768830965	24.819507687929775	86.51913047100038	
1	IRIS_313-12058	-33.752153526878665	-47.26057620405199	33.884530845675165	21.61031660143758	89.48805051136677	
1	IRIS_313-8401	-34.14159905918868	-47.10733121336966	28.914081818325872	26.461804985241105	85.94886948537102	
1	IRIS_313-8407	-34.0453214244996	-48.006174985948654	32.019787352629	23.071459482003633	86.74352554615182	
1	IRIS_313-10937	-33.71613682196283	-50.089458869326364	31.998857595943797	23.267529568740294	87.06168322594445	
1	IRIS_313-10938	-35.415500384902415	-48.29977316475237	29.653808320425785	24.088000452728437	85.69149003692253	
1	IRIS_313-10942	-33.46719833189417	-47.85943054808935	30.892519779851664	25.31095334059879	87.1213736043533	
1	IRIS_313-10944	-36.119621295923736	-47.04844783456244	33.18609961437315	23.000660707562407	84.58689811402884	
1	IRIS_313-8453	-34.63538697163809	-47.83272431876937	32.043402646857	19.572761790367363	82.67289896128356	
1	IRIS_313-8454	-32.96599304991207	-48.82548354995463	33.09226119850943	24.16020066793682	87.7307054469621	
1	IRIS_313-8458	-34.2704447225988	-49.20653885113257	33.462342774630585	21.847323894149653	89.35813110994931	
1	IRIS_313-11490	-35.69368195940342	-49.427743455566066	30.387009569045365	21.88985843193611	91.5992515799011	
1	IRIS_313-10954	-35.58713032937244	-49.09702668133314	32.35285536689802	23.767486331913908	84.83860401794954	
1	IRIS_313-12097	-33.53626618408651	-49.01661027755321	32.36099463375295	21.2781790818477	90.60085973949224	
1	IRIS_313-8485	-34.92952376004323	-48.04560393012335	28.736910204446218	24.504313737256524	87.66015977188624	
1	IRIS_313-8493	-37.864024354065634	-45.78602280594711	32.324324106878095	21.838217977014068	83.49131815275392	
1	IRIS_313-12121	-34.15180000560463	-48.121273910371215	31.953232837432417	23.68407226072894	88.83336862024666	
1	IRIS_313-12127	-33.72450100010957	-47.63458320447156	32.84723027333167	23.903126263801198	87.98171408559126	
1	IRIS_313-12128	-34.9665059805279	-47.706824899673926	29.685739219221908	23.68745125684648	89.68257764898735	
1	IRIS_313-8530	-38.080073020513865	-53.10245851601813	36.87133832082526	25.63992076424381	85.68203300540999	
1	IRIS_313-11304	-32.115455908953514	-48.198376713289754	32.4364727138483	23.686870762874427	87.90411594170413	
1	IRIS_313-8557	-34.98185640426351	-47.695670335801225	32.68761505039537	21.588314025721772	87.82671330601416	
1	IRIS_313-8568	-32.242716020847105	-50.609369908989066	32.956833264556096	25.879764465042385	86.71143217878179	
1	IRIS_313-9593	-32.7213602348313	-47.77512747557646	30.935806167896516	24.834504412820912	87.70209585826746	
1	IRIS_313-10975	-34.13924557616152	-48.55515029482702	29.265676683514922	21.2318024688438	90.13237643695473	
1	IRIS_313-12146	-34.454835224192074	-47.08758185370151	30.5375278285751	24.06529208786112	86.19897143307476	
1	IRIS_313-8585	-33.59708178331921	-48.22321674694289	30.980059284569155	26.285179125623007	85.2050035186235	
1	IRIS_313-8586	-34.53076717360021	-47.83838939459444	31.99899705854278	23.515395822988513	88.46222414976442	
1	B150	-26.664094323736933	-47.18996222726578	25.98776471857059	24.85949128468374	88.90288864613946	
1	IRIS_313-8603	-34.49451395028416	-45.039454336629795	30.403679984001414	24.87811066720859	84.8476124882423	
1	IRIS_313-10986	-34.40383574803056	-46.32414248388323	34.44636970740064	21.625438053666887	88.20644011173306	
1	IRIS_313-8621	-32.272014653522646	-46.44691911759273	29.592462965611784	25.885999411257835	87.40316522588645	
1	IRIS_313-12190	-34.452290101136015	-45.725370258830026	30.153936497373866	24.36046386768122	86.98113671932316	
1	IRIS_313-10995	-33.78796485927621	-48.67557343719716	33.88329036905608	21.83672945189449	87.64479148864342	
1	IRIS_313-10560	-24.349056511134606	-36.912779268887036	29.282746558368892	37.71873389126768	78.91157769349338	
1	IRIS_313-12220	-33.58039221024089	-48.444053823761315	33.968571174210815	24.656167697531245	87.52651016955957	
1	IRIS_313-10961	-36.88871928998927	-46.90078483413521	30.430106053071505	24.1909530038102	84.74479215455214	
1	IRIS_313-12234	-32.02524413829574	-46.856130883917416	30.074702793646157	26.412826561712166	87.12384993967349	
1	IRIS_313-9609	-32.7807027637352	-46.88752643099364	31.864243718119294	25.145684666183193	85.44964992610008	
1	IRIS_313-11305	-41.58789409382879	-28.621554183746806	26.85547311006098	19.8412289056429	72.29038814632958	
1	IRIS_313-8725	-37.356493438837326	-46.78996257207323	27.29533830201724	24.339607903911382	85.83992950801597	
1	IRIS_313-12268	-34.393945850896536	-48.735098138328006	30.816175639330112	26.125188889315947	85.02430176616407	
1	IRIS_313-12269	-33.41217261220895	-50.383431745282095	32.11040256542985	22.15644356629689	87.785002964645	
1	IRIS_313-12275	-28.346908189075688	-46.92504995593376	31.473028823566175	21.64872585438674	88.63115266746786	
1	IRIS_313-12287	-34.98030062021357	-50.179505261034215	28.121576841160497	23.50835969207747	89.28657922363885	
1	IRIS_313-12288	-32.36704351643533	-48.48402059017113	33.805517585692805	23.775986125542623	88.1440341523646	
1	IRIS_313-12291	-33.844546936032934	-47.5368294931427	31.749806990388446	23.560297134465717	88.86482545918378	
1	IRIS_313-12300	-32.472778394393075	-47.76387432305531	32.37656515452991	23.890214369964372	87.59851688059831	
1	IRIS_313-12305	-33.93647088489628	-48.44709435347229	32.847660873685875	22.9735972188975	88.73422938047398	
1	IRIS_313-11296	-33.39272660535356	-48.51226041619125	31.601817664453137	26.165533478400608	85.59823480123657	
1	IRIS_313-8844	-33.43559026069396	-47.40586809353605	33.49821097887803	24.73536484362692	86.31215100518595	
1	IRIS_313-11278	-34.110498584756755	-47.374628461134385	31.150528038344888	25.495834275990898	86.12926710228844	
1	IRIS_313-12334	-33.95755953041026	-47.702665273552334	33.6650810041781	22.632796379449882	87.86754227874839	
1	IRIS_313-11079	-31.71688918978326	-49.72053781920372	31.00149060274408	22.850391253527636	89.4341743846135	
1	IRIS_313-11081	-33.414804911992654	-47.31793843164149	31.800931810048926	23.57172147827175	88.7086083294389	
1	IRIS_313-11083	-34.00852314926786	-48.49719423873121	32.90843139863376	22.922606529894168	88.64923034861512	
1	IRIS_313-11085	-34.76182743912308	-48.54381646234625	36.48247191273315	23.36239496819888	84.5671504289272	
1	IRIS_313-8900	-32.28069657252216	-47.210402993207246	30.58956492767159	24.43698434382987	87.44633382342047	
1	IRIS_313-11089	-33.42259841386998	-48.563046860090914	32.28004964521181	24.15458275686771	87.93068660655426	
1	IRIS_313-12354	-33.688908024044395	-47.317681406426885	29.123641595809257	23.189773278106294	88.50308866921046	
1	IRIS_313-12355	-33.40353438420418	-47.72367723853918	29.526210048566064	22.986225825637522	91.17273579092442	
1	IRIS_313-8924	-31.037010385238936	-47.33765439402639	33.16201779346033	24.143466603335277	86.49039876909659	
1	IRIS_313-8925	-31.76312654940321	-49.366044005119704	35.32284719040841	24.620368390902712	87.1835439179543	
1	IRIS_313-11097	-46.99677761251546	-49.314288607624235	26.524074194565664	23.188763814818827	80.77575666678763	
1	IRIS_313-8930	-33.93381990355303	-47.99934565799315	32.7878775694746	22.758860235394522	87.70943982880421	
1	IRIS_313-8935	-32.82866323650167	-48.10216443832071	28.70132699107008	23.306166168850485	86.6583122374826	
1	IRIS_313-8940	-30.71326632041828	-49.15510596886092	33.544834566490366	23.91204120428602	87.63989883120075	
1	IRIS_313-8946	-35.00354705124894	-46.09783319822804	26.13992018356987	28.69042796507132	82.7848654248569	
1	IRIS_313-8948	-29.727381038501758	-47.25205002366445	32.41437339445984	21.59363084485253	88.65161052110088	
1	IRIS_313-8967	-32.65213050821168	-46.2369884842992	33.08755364634498	20.287962537546285	86.81515472713538	
1	IRIS_313-11113	-33.94793198693558	-49.362309250745305	29.45602562419337	24.285498604896482	88.14003120397858	
1	IRIS_313-8982	-31.298286328005105	-49.028101101295164	32.69132176966454	23.953983782986825	86.8788949643527	
1	IRIS_313-8985	-33.894181847016924	-48.928162583612625	33.656301936643835	23.399712079464337	88.34262023124063	
1	IRIS_313-8988	-34.37081903633976	-47.00447557349097	33.76005715304571	22.584274402784906	87.52390994575883	
1	IRIS_313-8994	-34.99861028927619	-47.26975535458784	29.031500713116685	26.03473054360947	85.6458991921934	
1	IRIS_313-8349	-34.80783455048227	-50.13556322357359	41.743649315032506	21.387308139848727	85.5943210230808	
1	IRIS_313-9020	-35.26928401129652	-49.067559535909936	31.221174480796627	23.894914546899706	89.95797719320312	
1	IRIS_313-9039	-32.370354140278174	-49.365044069267704	29.837377891418075	18.312468013319148	90.80038876933585	
1	IRIS_313-10751	-34.98727210226483	-48.51224511276473	31.740374136402092	25.097746184680854	88.9723258166602	
1	IRIS_313-9067	-32.583686232557156	-48.6198075903658	35.66434646535191	24.44340874010214	87.12147644786192	
1	IRIS_313-10984	-34.885691853212435	-50.83741315190389	33.59243315533989	22.638347377587877	88.29899517482019	
1	IRIS_313-9108	-29.835956488017818	-48.46660063001258	33.267936369156686	25.35415072718073	87.16123357458338	
1	IRIS_313-11299	-27.666788342566182	-46.174440918928056	40.84800346649764	19.903209469862045	92.1130612964111	
1	IRIS_313-9117	-36.98999480460417	-48.46060052592066	32.705353669272846	24.44929559357997	83.11026315682449	
1	IRIS_313-11742	-34.06417747172396	-49.176447223694375	34.00076690274022	24.017809932156958	87.27805008531767	
1	IRIS_313-11298	-35.32972734219194	-53.49985363574207	40.60799334085396	23.747809743288588	84.12769725649055	
1	IRIS_313-8321	-31.389911298632228	-51.35822899405255	36.154315104542995	25.972963100948547	86.05300040774677	
1	IRIS_313-10020	-26.71936765154322	-53.204538808200454	37.85654661478864	24.578669839417568	76.66211529625679	
1	IRIS_313-8342	-31.4505066681195	-47.52256015476103	32.0322334106	24.63678900408263	86.06472781741994	
1	IRIS_313-11054	-32.80128774805213	-48.46564958725019	32.70859754152556	25.911364339103187	85.8985486376837	
1	IRIS_313-9610	-25.56129689814373	-42.085380901490815	35.41602203047885	23.4586262817634	87.17239814818227	
1	IRIS_313-11013	-32.413433029133465	-47.45106189332892	31.617434145895952	24.93242118865581	87.13905202037101	
1	IRIS_313-10925	-32.96598257388868	-49.612114287783086	32.30930113060196	26.733484182115365	85.91244217952935	
1	IRIS_313-11454	-31.51796468488495	-47.011937360540216	29.53195984308397	25.13934249838588	84.85019015330799	
1	IRIS_313-11055	-34.09795668212872	-50.69838098881748	40.50466363868044	24.46186325751726	85.59699346581387	
1	IRIS_313-9626	-32.56801950213556	-48.52629194715369	32.219531557446096	25.51025626384998	86.97496845938184	
1	IRIS_313-11058	-32.417938342436756	-48.34200242876448	31.58085797226808	25.060196612892394	86.47092533213684	
1	IRIS_313-11323	-36.52852883935042	-51.970627288065394	40.46061831352422	23.105705746700036	85.0494511363239	
1	IRIS_313-11324	-32.744717793745735	-47.70160447407944	30.960558309844032	24.981899444634443	86.32868951693291	
1	IRIS_313-11629	-32.29851104166634	-48.22703238625767	33.18729109083043	25.60588556059664	84.93416147125907	
1	CX368	-32.28448661382874	-49.28936905182865	32.361244709580646	24.46880473821014	86.1840085272101	
1	IRIS_313-11064	-32.6778593126581	-46.166166734174396	33.113474350999894	33.11270775337891	91.26170079785963	
1	IRIS_313-8410	-35.577353861590986	-50.212077381272515	31.77461983208182	24.73073411208728	85.39309848891011	
1	IRIS_313-11636	-32.17792690341832	-45.731900889405956	29.68209045824318	25.28671323571901	86.81179970890251	
1	IRIS_313-11015	-32.8899160307866	-48.46574196034948	30.63650392507007	25.48451119651256	86.0505900643162	
1	IRIS_313-9422	-32.27397089781811	-48.24037189640065	34.37837038367371	26.474580511376296	87.56942129663646	
1	IRIS_313-10673	-32.54346842840773	-48.50267599935856	33.980218515262045	26.96843313370462	86.7915679990419	
1	IRIS_313-8864	-32.49137113780689	-47.085295600462594	31.03657288111212	25.1827278070583	86.97625512227543	
1	IRIS_313-11483	-32.22559453087612	-47.389594605039804	31.174238834506294	24.56713177455118	86.49701633065209	
1	IRIS_313-9283	-26.729234429089363	-44.204501373290924	37.22668363840384	22.239846548622367	89.10609946499932	
1	IRIS_313-11214	-35.74310086039645	-54.41290896164427	37.40785260847639	21.577250087398028	88.32114772736146	
1	IRIS_313-11191	-32.295530230830174	-51.50177590589704	38.14415860760348	26.04089444654308	75.53730282497796	
1	IRIS_313-11462	-32.4337972268226	-48.04784402841346	27.455994955736056	26.227669850213744	84.92727540987568	
1	IRIS_313-10963	-31.35669778445511	-47.36298567559322	30.544264814816316	24.702235391302892	86.23128167504413	
1	IRIS_313-10965	-32.83937936550825	-48.27492091668681	30.52154105996198	24.889342184108003	86.23519429892633	
1	IRIS_313-8554	-34.32959078709827	-49.01155795893297	34.168194403145556	21.856233760719817	86.75343975984009	
1	IRIS_313-12141	-33.98300757267029	-49.82164136982907	33.055063205547306	25.994338301427575	86.5920027843689	
1	IRIS_313-10976	-34.366881015293906	-49.91895772921181	34.01864949708066	25.37156644369057	86.92768353041959	
1	IRIS_313-10845	-33.39540447265227	-51.59845477667882	32.83872698562643	25.121703737835166	87.24957295965574	
1	IRIS_313-9661	-33.19615070478638	-49.055444064881485	33.86135681491685	25.840098663266293	87.53548942026504	
1	IRIS_313-8963	-32.27291789464116	-49.02312650658335	31.955376588713712	24.54570659204959	87.90658659526652	
1	IRIS_313-10849	-34.027420302187686	-48.61397090059473	30.60405015130433	24.329622887067142	86.16883747723632	
1	IRIS_313-10981	-31.94452044038689	-51.40469061137141	34.17139218422832	24.57692105990135	85.84327452063816	
1	IRIS_313-10718	-23.095824127086637	-41.02060098795733	38.188000667977704	25.320073777013945	73.18985388769197	
1	IRIS_313-10852	-32.25509879781138	-48.475676139078615	29.879203103203647	26.082044543449637	85.2612689417642	
1	IRIS_313-10979	-32.21442273296445	-49.92064462135783	35.076649570164015	25.043723243134632	85.52930014925782	
1	IRIS_313-10987	-35.12280137072782	-52.64238726102352	32.24623777051203	23.809172533733697	88.9360301152353	
1	IRIS_313-10543	-23.55828919357489	-46.71581320939328	46.697589408471025	22.226750867202018	86.19517089463169	
1	IRIS_313-9449	-34.327551116689555	-48.41212613195356	33.98951737045471	23.37142531530519	86.81391499629659	
1	IRIS_313-11982	-34.491193586572834	-50.23378947277036	37.141661872336165	23.878233006644585	84.91731652855877	
1	IRIS_313-11112	-31.972702051964518	-49.58918142338953	35.754688953093385	24.48828398350327	86.61021079174512	
1	IRIS_313-10869	-38.372598545620825	-52.93855669079854	37.357835664146066	18.6198663411369	88.83331019691254	
1	IRIS_313-11265	-34.855154433344495	-46.869036863102025	31.36165246768167	24.9719529303518	85.86776915019125	
1	IRIS_313-10927	-30.494412561640587	-49.716686798630015	39.80925977173081	25.80771700612234	85.1303421422171	
1	IRIS_313-11272	-33.81590278034067	-50.749869556907086	40.991474316012074	24.092633354424994	85.3043860224568	
1	IRIS_313-10875	-34.94383399119565	-53.24599953664875	40.040431024130655	23.88053561962523	84.44451825758524	
1	IRIS_313-12002	-32.972001856255325	-47.30875552344228	32.88072107136026	31.679559336282672	92.39204274795742	
1	IRIS_313-11277	-32.3216401041812	-49.84156998498034	33.88717918115774	26.18014117350808	84.02072652553267	
1	IRIS_313-11557	-35.25867029951113	-50.01934134284507	34.690079588879	25.22633492831691	87.41495947903655	
1	IRIS_313-11016	-32.32636591351884	-49.01825468054429	30.60407980794068	25.07494718621033	85.8330049055135	
1	IRIS_313-11017	-32.84019452503153	-47.03521349240344	30.603325792781273	24.762510978882695	86.23970018089206	
1	IRIS_313-11018	-32.81977524335996	-47.652805472401035	33.59801935779138	24.832882727165778	87.13988553567091	
1	IRIS_313-11020	-32.686485162777764	-48.593854997833915	32.919422677911754	24.85122086724528	85.11188160814633	
1	IRIS_313-11458	-31.946196700774365	-47.30193416169713	32.729151878365286	26.53799347671594	85.08331522849133	
1	IRIS_313-11024	-33.57751393002432	-48.09915669133099	34.773231658531024	25.52128852508487	86.1881037833932	
1	IRIS_313-8721	-28.675464572999072	-46.70326889784298	32.30423775245021	32.178166182267034	88.12572740930803	
1	IRIS_313-11027	-36.63889870408964	-49.85363745407889	37.726280500617904	24.172730940997397	82.18661683646746	
1	IRIS_313-11291	-32.509070217470246	-49.306221169288555	31.011087195118108	24.98245857501294	86.22215806685763	
1	IRIS_313-11618	-32.72776070707097	-47.85682829513167	33.624934746017736	25.33940956750911	86.15905255771916	
1	B001	86.95450250490106	-45.06364768839226	25.455547469109344	-1.7171806236379512	92.60528187138958	
1	B002	124.46553246310783	-43.19659361063556	10.501451219339597	-25.01290383977349	48.10012256361977	
1	B003	74.41099725181303	-51.27041772702138	-18.195518465731613	-61.45889003099149	72.9999130457089	
1	B004	226.00753620951858	-31.699128275104368	-22.43316971090243	-72.00601945417624	-69.43257038746044	
1	B005	223.28849305739269	-35.39167689954542	-23.37937263924263	-65.22654289627013	-65.57049529251984	
1	B008	201.29584366515445	-21.735904138671305	-16.779622297158916	-51.40092283197331	-80.76993863274699	
1	IRIS_313-10808	-172.120164945969	-150.13484025194865	205.27812145261709	-44.61673991858832	-23.173236081892433	
1	CX396	219.6337293256356	-34.09199713503144	-24.341214845526615	-71.47755092493834	-63.57160108043356	
1	IRIS_313-9176	-113.70310066036838	33.42566179381245	-28.428650447877402	-28.243513815728125	67.4041008396541	
1	IRIS_313-10853	-120.46658451398635	32.270123983133146	-38.2505124565112	-34.28257290799739	72.95594318359268	
1	IRIS_313-10631	201.76999654808978	-32.22563572933394	-21.468871120337056	-63.95358319972956	-45.56080264400337	
1	IRIS_313-9123	-107.70773975911594	129.40684771749065	11.806083516829386	-37.69056916636074	34.169614177945796	
1	IRIS_313-10642	225.90327928995407	-34.951015014301525	-23.366210795769188	-70.9539475829369	-71.0483767008418	
1	IRIS_313-11800	216.15337304196996	-26.345276682442073	-0.008065783480516057	0.8724648081331874	-21.603998657474605	
1	IRIS_313-9201	-58.58083216020329	-37.87553895759203	-52.86919691189742	-114.75895944401005	140.35905737725506	
1	IRIS_313-11183	-164.60323635939017	-41.64050761269174	-50.47628158580203	-65.08949071784603	72.9436143269233	
1	IRIS_313-11077	-79.45855221480132	219.6407662320919	12.009098348837199	-28.496207244527433	-16.110189310012668	
1	IRIS_313-10922	-99.18165613997292	204.00529914656443	8.362015413847095	-19.741993672300328	-12.078162118597373	
1	IRIS_313-10228	137.9786911015458	-8.82203551430413	31.561156750358627	102.10714508795063	66.49878379213088	
1	IRIS_313-9228	218.87269342482563	-33.06621664250203	-21.712386976587247	-55.86821768375943	-60.92520579135945	
1	IRIS_313-9233	187.26819034183546	-31.671089092996507	-10.563719094827976	-43.86227304638216	-27.358964849383824	
1	CX330	220.41671037371043	-32.71892659603901	-19.92302690688195	-63.39256955220199	-60.08121480860205	
1	IRIS_313-11788	136.01421366622301	10.163141018126602	42.16914301396247	136.07358763072008	71.68347394503273	
1	IRIS_313-11651	155.5686149815461	-30.33996179929225	-8.689128143256816	-13.063374110017497	-26.909732500995116	
1	IRIS_313-8884	-124.09842991588299	108.85616001086892	-17.791558188308972	-19.24582668902533	-4.270067404252804	
1	B045	217.04991426609286	-29.6628769792016	-19.93884802474014	-60.45693899300125	-57.534081373698925	
1	B046	220.4064584889003	-33.813130642963216	-22.578250625184417	-68.39514158031164	-63.05208003335572	
1	IRIS_313-10469	220.380535355496	-25.341577543067192	-18.217638270557455	-65.29083056461302	-60.38369561751959	
1	IRIS_313-10677	213.901604781816	-34.662924274109926	-21.922840300532524	-64.81309316983577	-59.45062787217097	
1	IRIS_313-10679	-71.7154184769221	198.97688150981708	9.708008370888052	-40.231450146546436	14.597881731456203	
1	B056	183.67547016289782	-26.917541873653768	22.09026297605605	103.63231550577525	71.66715089821155	
1	B057	185.1957369385788	-28.377495957055846	5.555996902405239	-2.7654731826295786	-3.8251998692886406	
1	IRIS_313-8637	-54.23395894137051	67.49994196815194	39.59012531362596	86.09602087147502	-54.485631998836034	
1	IRIS_313-9301	-171.60385361945393	-117.66099579424788	184.206334658434	-55.87509362352036	-3.106105469175808	
1	IRIS_313-10689	-158.23450469443196	-158.66064430235724	204.11018194419026	-29.703370933716908	-39.29728094679519	
1	IRIS_313-12217	190.28989443256592	-16.967189794038475	-7.252443175077127	2.886606697265493	-13.829729054373983	
1	IRIS_313-10693	-173.5021206856578	-146.1995094989462	210.778818845338	-41.82619054209488	-42.44402449936687	
1	B066	144.56600181076132	8.594010573515348	28.345102555382976	99.18129536790524	53.71540600107781	
1	IRIS_313-12341	-76.93525314114935	221.2389981259737	12.510942949345857	-21.467551258697924	-20.508999655195577	
1	B068	189.57752056623764	-9.452007500733398	11.569249766631708	84.44641654671177	38.46863821502055	
1	B069	41.74713317148005	-31.903963107643836	18.573887666998555	-29.874046729220073	133.62690219412812	
1	B070	81.37498619086296	-10.913289639914822	-6.194704910124768	-69.59433725548446	60.35615214120634	
1	B071	127.09247344389283	-33.39915519233509	24.788887768171055	42.393350353310844	87.30164892664916	
1	IRIS_313-10703	-155.7089965325536	-91.75799105191432	-60.74304600049839	30.964368040788692	-26.828429422204042	
1	IRIS_313-10704	-150.08970354512454	-98.28624212186448	-86.07883573854299	38.77416142245144	-32.71497449647013	
1	B077	117.02334614412081	-34.09453734231586	31.830413334232773	71.93811582314889	101.527912185587	
1	IRIS_313-7876	-161.81915841366077	-121.73623118264459	-88.90286099627436	21.33393833138188	8.989249876168552	
1	IRIS_313-9375	-171.60255931133514	-87.05186108843493	-107.91610422848328	-4.198553013792748	20.967502616024806	
1	IRIS_313-9379	201.42206893467136	-23.37304243986756	-13.632899021363222	-28.01432589594722	-42.05981630838705	
1	IRIS_313-11829	223.2792945665661	-30.30823415932208	-22.00446875218562	-52.02892580903148	-56.55574419485174	
1	IRIS_313-11831	-76.41555432170277	193.12727127769955	21.27853555930469	-21.416182218072063	4.27829708022053	
1	IRIS_313-11832	-128.45919501513518	98.04188720974119	-22.867799526892675	-16.99601408501306	-0.686062960540329	
1	IRIS_313-11834	-114.25626802283665	135.2625506661491	2.8995956990922465	-21.925118270348523	8.151150676515687	
1	IRIS_313-10722	-164.5151057300228	-63.14943643413083	-56.4922900525429	2.4577701026192096	-9.669412035600358	
1	CX248	-184.76512338157482	-84.82561954741047	-103.95379940349541	-11.306022937807748	43.69302587501992	
1	IRIS_313-9405	-123.86487958793528	-149.64940847561545	165.3987267201563	-30.048496507850412	-3.594324207544808	
1	B100	131.64438742956057	17.106209607590493	24.048001857926824	116.63992422099123	68.04844986463071	
1	B102	125.35558257256845	11.89648821248419	5.715574952502107	15.060876073379724	2.721207892036714	
1	B103	65.89134997551218	-28.558565655292245	44.52494687248119	96.19962650890528	149.9630796536478	
1	IRIS_313-11846	-78.79779997654833	98.47102204448623	21.279693862466317	-7.4439300575171785	61.50093650298136	
1	IRIS_313-10916	84.43210294319677	-54.483335479517784	-32.18248903656879	-39.31299645750849	-15.547864889132569	
1	IRIS_313-12351	-73.20256993086514	233.26844241995852	25.094130601704574	-25.00214876554374	-15.555188294594736	
1	B109	93.33936043961816	17.81264711064413	33.59975871517959	107.96493700219649	55.40028774878924	
1	B110	85.1485602237397	-2.626756145468283	39.507257275164406	104.5243621173604	117.73375044141237	
1	B111	96.47559627046738	5.172266934081722	35.33154153520827	104.2847410447177	98.89920940909829	
1	IRIS_313-10741	-173.5145495936759	-156.34870629811473	182.3556567352414	-3.992273498189589	-56.65880990481228	
1	IRIS_313-7883	-116.92998408017561	-121.77047390780308	-60.27507784198489	29.336473895121596	-0.13732259988933404	
1	IRIS_313-7885	-124.65122604393366	-102.37103036352872	-8.627468362273008	-6.974925736613459	42.5932349492258	
1	IRIS_313-10744	-175.16880492187224	-128.11152951160238	184.35779918542028	-62.4390681165495	-8.079255767698148	
1	IRIS_313-9470	-169.47843444838637	-99.95733312159467	-89.5932060452499	49.3662998707836	-63.46572621533164	
1	B122	197.80764712784685	-44.66449855598852	-10.895403946246686	-58.35080108843774	-49.341290656411665	
1	CX129	-107.95518967036719	-131.15706560605966	171.53068847145585	-29.83221124054768	35.663610176130454	
1	IRIS_313-11875	169.31811825750364	-49.07706264192865	-21.250063460627366	-77.08615030827255	-22.40678850621346	
1	IRIS_313-9529	-40.703760988637754	90.73182495158785	50.75704603789548	88.98697905844305	-55.199104500697516	
1	IRIS_313-10759	-152.8674926932686	-137.29433872854307	179.47221375479998	-31.767225340545682	-14.250342600732449	
1	IRIS_313-10761	-158.95198756937555	-153.1106755506052	201.93201476638896	-34.25256431733818	-27.89988899619593	
1	B134	1.2953805633254465	81.88534122116805	28.6104445291721	49.931485849069965	12.323398006779186	
1	IRIS_313-10765	-136.26964292452794	-159.4250320075525	210.5197944595959	-41.329232816953386	-12.993056552257231	
1	B136	108.12698051283942	26.106002482827297	21.84668234102912	89.13666470259083	51.22098932768085	
1	IRIS_313-10767	-167.04487335259896	-151.00636038191638	204.49494841732255	-24.959222647467215	-48.54398253792546	
1	IRIS_313-9558	-164.29996152036568	-108.78540478054353	-86.60877507951676	48.51544959245839	-48.94159941181294	
1	IRIS_313-10770	-171.77287722945894	-149.28552902038496	186.34491896760318	-9.74518658347108	-67.61812945446744	
1	IRIS_313-9568	-159.09256548147812	-83.82994388479393	-122.36861793487395	80.20498085689046	-105.5078900371906	
1	IRIS_313-8140	176.71496583270746	-43.30776958182895	-29.04902284582389	-62.911035583110554	-19.097873834317785	
1	IRIS_313-11075	15.848246636944662	100.99901915018393	19.413280682480643	35.111881484936	60.05299737615486	
1	IRIS_313-11897	-83.9311302641701	209.3757411218646	10.744822729190929	-19.010550740432144	-10.49917900270736	
1	B148	102.49966581107216	10.563441101508618	31.359676251463725	104.15970721983388	69.62000635155903	
1	IRIS_313-10780	-127.50827082173949	-151.213700424468	169.87514264605042	-26.419604002133063	-8.499636115885387	
1	IRIS_313-10781	-152.09784297801795	-162.28278592629513	208.81298517335836	-57.41499309670912	11.8357219603227	
1	B154	90.47411905159684	-50.66384170465194	20.390688870274676	-9.908395587599388	91.47250244982834	
1	IRIS_313-11311	-124.3433982927314	-151.5503865187672	174.18711884862375	-29.126753887331333	-4.775277592639039	
1	IRIS_313-11908	152.13777502127522	-7.707480693469424	37.14727249558585	134.79046574032367	70.6535011217737	
1	IRIS_313-10789	-160.6966144847375	-152.80975832590457	214.69366651169943	-37.468976967500595	-32.039536360220325	
1	B160	227.4216799622525	-34.98186580875024	-24.529994737332874	-68.08932594191529	-68.99781582637115	
1	B161	152.51042321144004	-2.4602386818739874	7.725577141157855	53.19281160596509	33.66119800051759	
1	B162	191.58015338414236	-24.125839110483625	24.727609083932578	114.8717671371341	67.3696280731378	
1	IRIS_313-10793	-173.06572468844575	-54.12512140074613	-56.04495675578803	-47.35892886188829	57.624382975163996	
1	IRIS_313-10794	-168.0154893907274	-31.627341404453105	-60.29770350506132	-56.62020266963504	50.059824944971595	
1	B167	207.381495747479	-20.55250690624959	-22.693762474883727	-52.68394092032166	-49.828150144099624	
1	B168	105.28813129307942	-52.817843743200505	-18.22466711152319	-58.71071146811589	46.635397533890945	
1	IRIS_313-10801	-130.09333729011485	-138.02645662281645	181.7722875354604	-43.45457731406591	7.207353109345265	
1	IRIS_313-11922	-41.68192564665952	176.0532530475266	24.47500122473563	2.271212328102878	-10.619738370479915	
1	IRIS_313-11329	-143.82391231325792	-83.36577636075066	-106.80509444184214	87.61849568344105	-107.19502093280178	
1	IRIS_313-11924	-68.31866663536194	192.76538487769395	7.225998021398023	-6.749832927316075	-19.75723873538924	
1	IRIS_313-10805	-168.5742596549317	-165.91468411625507	218.79340250023134	-47.73876744331949	-25.94108674997668	
1	IRIS_313-9691	-151.44849315423193	-93.44955601834289	-90.11939860772394	61.0242718702997	-71.84993987026925	
1	B182	212.14458831494323	-26.607643088970136	-21.283746742399813	-50.51225199392695	-50.054558320569015	
1	IRIS_313-11928	-187.4884014667293	-92.03334465136287	-76.26906336720326	-9.837776658724996	20.557085499965456	
1	IRIS_313-11337	-178.3534773798928	-120.06283507510736	-108.51575595384435	48.299057594792785	-45.678151045629775	
1	IRIS_313-9698	215.68775557553096	-36.9192518251197	-22.013276017383614	-61.03852630554527	-60.40927829150979	
1	IRIS_313-11571	167.0590473667127	-30.864243733114222	28.185461123734967	114.70735598567282	93.03048405904302	
1	IRIS_313-10815	-155.512490398473	-155.9784936927856	208.95588254153807	-31.55738545087113	-41.58684931522528	
1	IRIS_313-10840	203.73810059254393	-17.983613720963472	-15.83982355118123	-33.30899692543159	-41.14066109479598	
1	IRIS_313-8400	-46.28842557601312	-55.19625747988995	-60.08809006736895	-140.58040933385837	161.82108299923362	
1	IRIS_313-9724	182.57627065764956	-22.55700828857895	26.648755765294716	107.0940485510608	68.31760679197241	
1	IRIS_313-9725	188.84798118887738	-24.684672224484334	17.623168747033795	108.52247093691736	69.08928850329622	
1	IRIS_313-10827	-172.47322889363357	-71.15752372158525	-110.25606944611127	6.042542714504313	-2.4205877288746223	
1	IRIS_313-10828	-166.36663136031072	-102.87214855128482	-78.60867621850294	-22.8221648064991	50.90333264306571	
1	B204	166.31266181246437	-10.996993659377782	1.558889119031165	65.11698091655852	31.879306001874465	
1	B205	36.15504490135761	42.74241565673979	-6.1527866161737865	-7.039148214068537	70.86425122739321	
1	IRIS_313-10831	-175.6034624759545	-118.3111424447328	-87.94422312387125	50.79720817799347	-52.23245754879862	
1	IRIS_313-9769	147.75804554020377	-50.219631692840665	-27.17117755411011	-80.2272205019131	-19.105900913927698	
1	B212	145.47668946308758	-13.149787427669821	21.441319124707068	89.68547673651462	45.54838405679956	
1	B215	191.46445426111993	-19.374164021779013	17.57763953215361	110.7015795851654	54.21087100717639	
1	IRIS_313-10838	199.20537781268598	-22.993406575026157	-12.969138377881412	-31.26172096854765	-32.873180991450745	
1	IRIS_313-10839	204.41602500208376	-34.53906681207068	-19.982655095742267	-60.993303630763315	-56.127783125358384	
1	B218	167.83667915062102	-5.657993079064585	0.8197175021650357	52.33571001685327	27.97424481149502	
1	B223	97.47355997259497	17.175932094769713	30.54229971797976	96.45803980749461	65.56202794583598	
1	IRIS_313-9800	-87.67594738529748	-64.97696659820357	-50.08547861951538	-146.12534548873793	167.2631736658658	
1	B225	154.4974095181385	4.446239838862372	31.94688241657737	108.80702426095328	45.293377330319174	
1	B226	183.315043531792	-6.934560236498369	0.7944689508869216	72.02902242200561	33.17789787511371	
1	IRIS_313-8162	223.80419102069945	-32.379134693276214	-24.21374289349781	-56.21361873932757	-59.65938495985474	
1	B228	23.265884313103747	85.31233680892846	1.618521256653886	-24.1650848303628	-10.936737215495867	
1	IRIS_313-11971	-153.58049697976685	-120.10987133621279	200.3029163072292	-18.317903941629762	-42.373642724358234	
1	B230	103.27896893677104	1.5989802612656256	20.046831082450336	111.00764528658563	73.4466418809718	
1	CX212	157.76163200935653	-40.861999258334905	1.0192384992736352	-29.16299706162147	10.29247592256274	
1	IRIS_313-10848	-53.427245842257726	83.17563313037631	25.52673886953782	56.6259198242056	-32.84116504239869	
1	B235	210.31653176944536	-42.55991154598069	-15.33960001073783	-79.36253533186233	-48.74929036912174	
1	B236	196.34522761434616	-36.841051330630854	-18.83450546310202	-58.47706967769753	-49.88509651860148	
1	IRIS_313-10862	-113.11678447294314	30.873153520789298	-30.672880232980198	-30.81703130508842	78.37515185553772	
1	B240	223.41330273103563	-39.66302818733439	-3.7252208819310906	29.14131831561003	9.359685667696262	
1	B241	-41.52660177310884	135.95006825945893	27.59625014835114	27.231107415764345	-40.42496658401393	
1	IRIS_313-10865	-60.033592251558225	52.71596148997575	27.373536704188442	21.642555145655013	21.885056769668008	
1	IRIS_313-10866	-77.00092287269386	81.87716605864712	7.549687850114394	24.206414681228726	-11.683084593332127	
1	IRIS_313-9884	220.34553938241012	-32.50839811928381	-19.70067583158095	-58.25681245562587	-58.021520962226035	
1	IRIS_313-9886	194.46032371049802	-14.26428622699543	-2.9296910748243428	8.226147209104319	-15.521721791907181	
1	IRIS_313-9887	196.12323237470764	-23.930827469675116	-7.446983096910685	-6.290314475866297	-26.0114309952652	
1	IRIS_313-9890	183.2095275446021	-41.31194452507664	-9.526200092850733	-11.837424129273263	-12.645776393206933	
1	IRIS_313-9891	232.33104364219662	-41.16516098038373	-16.254255639817316	-24.686935359068258	-28.27287086924532	
1	B250	211.3601490408568	-30.514808615347338	-17.083639294490347	-49.681079244125456	-50.28962330964345	
1	IRIS_313-10874	-92.97174676497025	104.7606604504139	-1.2608816094367659	-14.990903936227024	44.00750210034197	
1	IRIS_313-11994	-167.77641430707155	-82.93668167438344	-95.86225387956985	-1.2968256405463707	11.914783465946613	
1	IRIS_313-11995	-170.39394557822027	-98.74753709656687	-98.88440552577633	50.12940883361034	-41.577399104859566	
1	B258	162.41026925019236	-12.12886031920855	2.509700344422306	36.22997119284176	19.219856660549336	
1	IRIS_313-11328	-155.55428778422075	-88.50610556521008	-111.31988547342073	96.86745278682552	-129.1427175133343	
1	B263	220.0844827306019	-31.25954682641477	-19.553045378685617	-65.94334084415743	-63.443331188311426	
1	IRIS_313-12003	205.39613943041581	-26.513453705270557	-5.940301108301975	27.009424756948732	6.0793703613802	
1	IRIS_313-10884	-98.09545136465448	96.10639717413594	36.00944297752639	32.92096316033137	-33.915930773859	
1	B266	-59.59739570627387	171.6430910190546	15.064249194122745	-17.863054319157893	-6.778601508631959	
1	IRIS_313-12006	-166.4393050341703	-102.45929807572071	-56.394099727766566	57.24002559618214	-89.58947202518898	
1	B269	217.67713435095826	-29.924263132774602	-19.42294202014328	-52.513429799252414	-61.37919605179957	
1	IRIS_313-10889	-77.13055657963874	87.86650597512129	31.847447607689272	19.43555166861708	-10.690890742080677	
1	IRIS_313-10890	-94.62531311630651	135.81751973745878	-5.052220004612414	44.63163594252732	-73.45187664233276	
1	IRIS_313-8279	-147.72079405400663	-94.41699778681559	-82.11251974148244	31.751348084801705	-33.30677659755388	
1	IRIS_313-10893	-99.99728936583143	99.0692459152641	-10.96679467610114	49.73768184440157	-56.2232361246758	
1	IRIS_313-10766	-158.10821593180725	-150.08627263380086	208.8016786184206	-26.9309865784664	-39.9761516842731	
1	IRIS_313-10895	-127.05961950447907	86.4995418103029	-17.989864318576263	-18.04876183976511	20.860810206487425	
1	IRIS_313-9974	193.08632273156272	-25.434724060494975	-14.031870342802229	-23.838833432927455	-33.98644508729932	
1	IRIS_313-9996	218.05392470886673	-32.90061697871169	-22.094056130992666	-65.96594873949613	-60.452663294921074	
1	IRIS_313-10074	-67.45202866762169	-75.49639377386569	-59.11243211867318	-142.33473107305383	179.0690856260602	
1	IRIS_313-12144	-168.59222259481658	-117.15859261209789	-58.3728025501089	40.16079017097855	-61.39067382291905	
1	IRIS_313-12045	-161.45370638315234	-56.51503856918037	-88.96411620396874	18.382413931558613	-34.68335348077965	
1	IRIS_313-8381	-154.50154926978766	-96.14400167514195	-72.90207688242826	31.0763453501195	-41.98810955755248	
1	IRIS_313-12051	-172.11186990521858	-118.55924350829457	-104.44504638347932	44.15880198332244	-50.35623829249505	
1	IRIS_313-10923	-76.43770546795582	221.2851540601342	10.842506661781629	-22.27704459435284	-16.687664686779307	
1	IRIS_313-12059	139.8903873786491	-2.616889567955569	14.32903265092465	96.34518985812414	47.12539578702144	
1	IRIS_313-10059	221.2817069760104	-32.27864062349518	-24.341915291917406	-62.746756666940364	-58.11654940444129	
1	IRIS_313-12061	167.83478427642856	-14.846478066549215	3.4477638172461496	63.80244117054334	20.907727719455703	
1	IRIS_313-11464	-180.29694325201604	-117.80506187709683	-96.20846714407918	56.943104823762134	-58.340062924783105	
1	IRIS_313-10092	206.1157778848682	-34.264470097892556	-11.176786032906445	-40.590241743758945	-40.03926771104049	
1	IRIS_313-10067	-71.08330069308238	-60.83012928796074	-67.50378585176837	-137.23163745095067	175.47075019570642	
1	IRIS_313-10073	-96.39745788020925	-66.6968820408043	-59.64093150535118	-140.30055140903974	182.1244812036584	
1	IRIS_313-11473	-129.31197174434666	-106.38641766453817	-78.272243056968	-11.799207920955148	125.41826705074845	
1	IRIS_313-12070	-158.3335986499944	-93.46609074500495	-81.57725240746177	37.80742755921625	-29.316873908279625	
1	IRIS_313-12071	-51.92647308914248	197.05350783517227	16.346980302990886	-16.02650814260372	-7.359651368476112	
1	IRIS_313-10078	-71.10330420422702	-60.4077968862184	-68.8330477111906	-137.73424701938353	174.9167802853443	
1	IRIS_313-10080	-95.37266743612453	-63.697449088361545	-60.365455808827846	-139.9013852098634	177.0244517263608	
1	IRIS_313-10946	-154.86821869075018	-49.582919217748255	-65.13143726002238	39.35550097516374	-60.832591552046395	
1	IRIS_313-10949	-145.19249335971668	-71.48025750074554	-64.84331545710023	44.803572397681656	-37.93203890745786	
1	IRIS_313-10094	-68.02713730695183	-63.66424457911693	-56.29393098172687	-126.56902224882978	186.26311037726106	
1	IRIS_313-10096	49.02479454310639	-19.570781116197196	-31.25237336149519	-77.73661658751632	93.33514151534857	
1	IRIS_313-10097	200.46534609430762	-26.02457295061145	-10.751289460202752	-11.184256666119317	-39.68448954071214	
1	IRIS_313-11984	157.22321755249098	1.949923086927012	44.828997627650224	156.65953518073144	83.0200803104304	
1	IRIS_313-8481	220.2539808657449	-29.715136179323693	-22.912707626657266	-71.2629480950256	-61.10397644717901	
1	IRIS_313-11494	-136.2048490468112	74.57468566127261	-3.110686990803537	51.2393933124906	-73.54293865312425	
1	IRIS_313-8486	-40.83587315699328	89.42036268642497	50.708054944359134	105.30515557896219	-55.94452724627787	
1	IRIS_313-11496	-120.8294786394676	-149.66049768467929	165.96177639830435	-31.696694817899996	29.112410077019756	
1	IRIS_313-10959	-126.24676052463103	-88.68299926718997	-47.74523732005561	6.9717668718968575	18.013475004790166	
1	IRIS_313-10960	-175.5119037695164	-62.310667226601645	-84.5308555980104	-0.743519467349769	-16.7234874296558	
1	IRIS_313-10124	185.0757514592634	-11.953746415269151	-0.5185940856002208	47.757237417350765	28.059957606396175	
1	IRIS_313-8519	-42.02472577024343	86.49427929694431	48.739874139545975	85.08262792518707	-52.747371609096675	
1	IRIS_313-10867	-108.76705343286419	118.22346320394657	0.8239047851900657	0.4460673082565557	-10.410670442796814	
1	IRIS_313-12134	-99.61321465423421	180.52835475160305	-5.441344546562844	-21.967650435594507	-23.774383758338324	
1	IRIS_313-11511	-138.21493218386584	-86.22454538884523	-77.78970596669139	-31.185090400314845	85.14392027786614	
1	IRIS_313-8565	-73.29610559912994	158.42653741396592	29.359417910443128	-20.137165414089637	23.341542859702272	
1	B245	17.03567642342137	102.6161913362229	35.55560930756846	28.13645388505267	1.2173186007646568	
1	IRIS_313-8572	-141.41402820114337	-97.05722611673433	-81.76781201876892	-41.678119945644625	89.64151453873421	
1	IRIS_313-8578	-85.02538339304495	221.95143976324414	10.090614845324414	-26.718487223657398	-11.769209488836243	
1	IRIS_313-8580	-53.49361778129262	138.9749123516693	33.667263239807355	18.34113373984115	-23.13814036993221	
1	IRIS_313-11653	180.40235011733438	-25.9635375538241	-22.038040431942832	-44.43622389768444	-31.134278034285884	
1	IRIS_313-11900	-84.25317497032897	234.05026596920666	13.49742016912357	-19.0842390335421	-19.667659799108826	
1	IRIS_313-11495	-159.5021647067669	-95.97832370679428	-61.452399951550944	-28.677185140356844	48.84021241023597	
1	IRIS_313-10837	186.62911502058932	-29.850476516051557	-15.091452732375549	-37.717213693672726	-37.13294735574569	
1	IRIS_313-10870	-119.98577116646491	59.98459410597794	-12.683170009869775	49.66181296362448	-54.623870663821705	
1	IRIS_313-12108	-155.47603813390253	-93.32555267909008	-97.91603656870514	85.14352127873943	-114.80346087544909	
1	IRIS_313-8626	-160.2593943571905	-95.52295489150994	-90.49790284343749	77.57173194708156	-101.25709636398392	
1	IRIS_313-11045	-172.60848922217102	-76.62492963260723	-87.74563183073033	12.153505056533318	-24.499860820169427	
1	IRIS_313-12200	-56.483628323193294	205.0682409482779	23.808370708158467	-36.779670037947454	14.42236886569618	
1	IRIS_313-10994	-174.92188342460983	-149.683269691943	108.61056567595298	0.035766132059619635	-52.25579776943807	
1	CX116	207.44352666832967	-31.961746182653336	-20.012338120796475	-67.56879996686087	-59.946314729182745	
1	B196	-61.78271732742958	-52.26562382717591	-63.28079210294505	-120.4366171659324	162.5538015192323	
1	IRIS_313-10999	-166.8502340266587	-89.66084184724288	-93.9769385384729	-11.503338608061789	48.5688464261891	
1	IRIS_313-12226	-96.81113439936955	221.5948911189644	16.077086284760593	-35.67248966141815	-15.846052016943228	
1	IRIS_313-12227	-93.16844110837802	189.88696322302465	-0.46128664356446397	-20.088460791532793	-13.818395693742334	
1	IRIS_313-12228	-94.81558912649393	208.8992318831575	7.650147903270032	-25.23671960210895	-27.324961639801714	
1	IRIS_313-11007	-162.4086239448423	-162.37206045272686	215.41219751937012	-45.72889545075584	-20.651276929283153	
1	IRIS_313-11008	-138.59690182069446	-114.78219768306064	13.417067780390436	32.28537307120499	-22.412791432191153	
1	IRIS_313-11009	-162.37117828302962	-116.86042009928501	-70.84956622590437	42.82650242298677	-29.991887472878396	
1	CX140	230.10253350822896	-35.583022590848486	-24.437986189623928	-68.54947230442099	-67.4060394720573	
1	IRIS_313-12242	-73.44638198289312	217.29309026744656	20.799011021529395	-27.745590050553627	-5.294877168212213	
1	IRIS_313-11973	194.75140746188768	-26.80646191857911	-3.894639293248124	17.353271816347764	3.180426764583152	
1	IRIS_313-8690	127.87625720939022	1.2541735936275684	47.13444315088153	122.36554647017496	59.67551117206807	
1	IRIS_313-11574	190.27886677005043	-22.999558100149276	26.502797401673128	108.41782376600554	66.63754956788493	
1	IRIS_313-12252	-98.86742652301083	178.42985311214665	-7.779572823205044	-23.254340526422116	-25.105152336668084	
1	IRIS_313-10564	215.69221020685129	-28.610901623576925	-17.106103289531138	-51.741661964203765	-57.04942753854424	
1	IRIS_313-12258	-73.19157377879573	192.6556002280448	7.292431201691627	-23.1057425663338	11.969140706210208	
1	IRIS_313-12129	-99.69390254666311	207.1866969859699	9.21874127685198	-27.354101735743566	-0.9779340120278774	
1	IRIS_313-11582	180.2855348191269	-24.702241797738317	26.309645867921745	117.2562725600985	85.1398783579414	
1	IRIS_313-12262	-65.64822120715971	207.30859094182262	23.570177290470813	-34.029835556515735	20.336642528004717	
1	IRIS_313-12265	-87.69808012764949	209.67651914119332	9.241446701634837	-25.912241022644146	-14.00880859618159	
1	IRIS_313-8735	125.76701113057005	3.8064606764659685	33.43082382200898	133.19080331863938	73.71882120497338	
1	IRIS_313-12272	-162.8348029062876	-92.46305085289981	-82.2827050054389	38.923040598478416	-30.62361915744251	
1	IRIS_313-10798	-165.072045878222	-119.10411668400117	-76.29775899568713	28.885560286462347	-7.784057778554621	
1	IRIS_313-10453	22.943837185590056	-24.2976545334377	-38.06327211420745	-116.87626626948447	110.03082330314972	
1	IRIS_313-11044	-112.02881841190604	-108.30817735677586	4.580148759161299	64.31628902814454	-4.367533410506281	
1	IRIS_313-12285	-171.1538604314786	-93.68514173182848	-110.33669749338264	83.8647922382053	-94.95393555773902	
1	IRIS_313-11611	-153.32560215949104	-59.46368460511492	-69.5006440049519	45.42962893797981	-54.52471780916694	
1	IRIS_313-8883	121.35614611170988	0.5003278200719201	42.15404288522774	129.19079534345724	73.26547274152486	
1	IRIS_313-12289	-70.02991218698678	170.93329024842873	10.687097807925028	-1.9154850738048275	-17.311160373267096	
1	CX151	-180.03552906962986	-83.03064189381647	-100.18391112356521	-11.798303816268612	24.775462128873187	
1	IRIS_313-10886	-106.17902739446794	146.068293974326	-2.28320711928692	-7.84687153918083	-3.7494490043346556	
1	IRIS_313-12299	-81.33095127304532	182.80184122892356	-0.12928571468467162	-30.48945639597621	20.30338300926243	
1	IRIS_313-11623	-93.0556231374317	158.482167490105	23.24079027116732	-5.558137844477255	-26.770377589229366	
1	IRIS_313-11913	-164.9613900732516	-120.4622553115179	-85.29390521561558	41.42599212693992	-28.600014221859887	
1	IRIS_313-12307	-73.68421857269891	217.71478447527403	13.98801153060744	-18.882292839151948	-22.41499928133075	
1	IRIS_313-8815	-34.36347821204064	84.09182593280825	44.26044578690161	96.64123838950874	-57.3662108512567	
1	IRIS_313-12312	-76.40876925580679	208.6005789337831	4.141573634091233	-42.202902091251595	11.337253306012773	
1	IRIS_313-12313	-75.61505816422404	174.36998551257093	21.414775488647365	-2.5804715036155006	-7.364295565768606	
1	IRIS_313-10430	223.51334315895042	-33.8332241325044	-21.92521615652163	-70.23597135271908	-65.4092694204568	
1	IRIS_313-12321	-114.81651306266416	168.83696264845355	8.320481230055773	-37.23522837339644	-14.653534694134477	
1	IRIS_313-12322	-82.28549128329598	205.53778064430432	1.2629872661875279	-35.242308943713404	13.310602816800237	
1	IRIS_313-12323	-80.37382233896243	228.41842752617995	13.952513177074058	-40.094480821060884	-19.445800238457718	
1	IRIS_313-8857	-35.724730650087515	96.597060826905	53.82020860299033	103.68868534028529	-61.649994612360224	
1	IRIS_313-11073	-37.919529368867096	166.6860575692324	25.98972250618904	1.6296883115780867	-1.6604553679090346	
1	IRIS_313-12330	-82.8998576082596	203.21872869716643	22.176087518051446	-16.081974817416175	-16.282591547556724	
1	IRIS_313-11575	168.5365236971884	-15.840657875756776	32.52000071358422	115.68836134148768	70.79945616276873	
1	IRIS_313-12336	-70.24374265727783	201.6537102993156	23.401163228486492	-14.222005293074163	-19.789502968598843	
1	IRIS_313-12337	-77.23376120646867	202.91990034075206	23.055525131348364	-16.5981936135195	-10.815066714274002	
1	IRIS_313-12340	-68.51708541432586	220.95032208862756	21.456180932148314	-25.786856641110845	-18.78409083293044	
1	IRIS_313-11652	188.69479605973427	-24.42839449577516	20.323763771451624	117.05214514027118	69.25407125457424	
1	IRIS_313-12342	-72.07438649515481	200.14855361918814	8.78433240062006	-40.868988336083724	13.395220442564412	
1	IRIS_313-11654	169.08780983768264	-32.796044812047384	-16.189544266889918	-42.78940809711444	-31.144992226069125	
1	IRIS_313-11655	107.17073415495086	-17.505952760562156	17.449122008771603	40.10815389106361	-0.9212911218366793	
1	IRIS_313-12346	-90.35238277517477	226.0111772695801	12.472591153835051	-34.39937769917425	-10.310177474090656	
1	IRIS_313-8894	-160.3073027095731	-48.73635817635973	-96.75590325015617	30.701792373822524	-43.40482262672203	
1	IRIS_313-12348	-88.69371390243792	192.73681883202747	11.831504067149268	-20.636690621097852	-7.142779611013219	
1	IRIS_313-12349	-89.49885292549251	204.49829130150292	13.227855873623572	-25.916881105321714	-14.535103792863586	
1	IRIS_313-12350	-83.79981531287336	201.8128877826471	1.8479729318014104	-30.451538608999492	13.469050029737561	
1	IRIS_313-11661	179.5099880013923	-41.768663381971066	-27.84513561804481	-55.89264832512108	-27.120656302681123	
1	IRIS_313-12352	-53.717637457782516	181.7184335168662	14.357327474106153	-25.261289889863377	25.546341939347812	
1	IRIS_313-12353	-66.14542408328848	200.8140781351983	11.450707093447795	-17.12540492208936	-7.423985311098273	
1	IRIS_313-10888	-117.7046796273089	126.10627787963885	4.243230519526338	-11.530328437616316	-14.84607471778448	
1	IRIS_313-11094	-85.21357529630049	191.89176691412288	-3.9812153004786883	-33.85251288785895	12.57609297626749	
1	IRIS_313-11522	118.75195783847728	9.227237203807382	23.839902978234434	125.8827571701719	67.72981453053926	
1	IRIS_313-11672	201.56870437131428	-34.34245710898807	-14.458469905367433	-61.17795475557825	-45.564626387076	
1	IRIS_313-11673	-186.34004663480846	-120.96563618882607	-101.78067520668233	33.28505867215484	-37.523436975491535	
1	IRIS_313-15904	207.35248539167813	-46.921566423882155	-11.107087785444174	-50.393549619313454	-50.0606173323174	
1	IRIS_313-8955	-149.13598358462357	-87.14731212765405	-113.01342594358793	92.55360208943692	-114.47898268043214	
1	CX315	176.00898347989943	-22.053219325156594	24.683637504832863	105.3632200325495	61.500075208647054	
1	IRIS_313-10802	-175.42857265563867	-151.8771952996335	213.5996613205621	-42.855374868025514	-38.42469409717485	
1	IRIS_313-11689	231.1204394767497	-35.177939325259	-23.236471590315332	-66.82702089271523	-64.18760579597996	
1	IRIS_313-11691	-49.53913499647934	63.16737674763544	39.660741219617265	95.36495185665373	-63.526679204178	
1	IRIS_313-10656	-99.90382436267602	194.87663866258382	-0.9957234065069903	-32.3586076480332	-5.435007703162203	
1	IRIS_313-8998	-173.51891696864666	-69.34055089099719	-82.7466389822884	14.178248055629803	-26.28615069262052	
1	IRIS_313-8999	-79.63914828774048	66.72258878700431	-1.0508451982767053	81.65153952709534	-93.15846935955517	
1	IRIS_313-12060	120.00672951499766	11.062812697347411	22.38094134225716	127.35289455078947	64.77282812628489	
1	IRIS_313-10559	193.6316946338145	-27.587017049139483	25.06919302802898	107.72408236456681	61.86381880027582	
1	IRIS_313-12164	-160.02164415447527	11.433892255367219	-39.35989379000633	-22.111305158868568	0.20890062074174223	
1	IRIS_313-12068	-157.4975401069252	-83.91786753769809	-90.46458685609382	62.56083074981524	-74.95470902405168	
1	IRIS_313-9050	-169.17319389693665	-104.8996699411966	-121.29452486338812	50.53153590447326	-54.14243477436785	
1	CX306	212.21264762343188	-28.204271248360893	-14.581855863071617	-7.634829901668309	-19.235257900346447	
1	IRIS_313-10437	225.83622039554209	-36.786186882027906	-22.888648574387418	-66.38373361125815	-59.6689392246177	
1	IRIS_313-10567	209.91609307845138	-29.77860867815603	-16.99069867223367	-59.91377638415489	-55.41818809262878	
1	IRIS_313-8599	-75.2487241478269	175.5674953214973	10.195401353554448	-13.948442238315293	-8.840542053954048	
1	IRIS_313-10569	213.53548121445934	-30.434259529990218	-19.592518970678924	-64.98629406305292	-57.897886458531175	
1	IRIS_313-10570	213.97593180444346	-35.18100854854826	-22.961070941269213	-65.64690101051174	-56.357911026795186	
1	IRIS_313-11892	-110.69359634422469	147.90741160618606	8.242423086717771	-35.76251636616291	-3.3212484455220053	
1	IRIS_313-10440	135.83677229344758	9.935924287994702	42.2182392952016	135.31496478648796	72.05698111061426	
1	IRIS_313-9081	192.08029526566867	-35.07038351827071	-11.495516291782014	-35.83291086896777	-21.466172741142625	
1	IRIS_313-11851	-141.11419043631236	-101.7728693177593	-73.82853569326325	-38.825824071595314	90.90447088063331	
1	IRIS_313-10577	-145.26449943419513	-109.68840964401281	-78.90741924750021	-11.316481318136262	117.65265264544342	
1	IRIS_313-10578	-181.93805752044352	-87.30884496258157	-109.05365511048936	6.84032834898473	4.455544138371779	
1	B183	208.6254256473787	-36.48431310563325	-17.602743454421045	-64.43206234124771	-50.95615678425238	
1	IRIS_313-10582	-137.40223420142235	-103.95291180886085	-75.0629813984121	-10.27215364036545	118.29436161893952	
1	IRIS_313-9048	-52.74803492395587	69.2615960867931	48.049421391583344	90.85595499480073	-51.15877349989614	
1	IRIS_313-10568	218.432959337992	-32.90684924759915	-19.142286458833066	-70.38283190458381	-67.22086078627031	
1	IRIS_313-11736	-173.36586302940606	-113.1664505212213	-84.53784281457634	11.779759733189085	-0.23351678902039558	
1	IRIS_313-11929	-170.74211467620822	-106.22264535924256	-91.79320100119814	45.14672012876149	-49.07994977724388	
1	IRIS_313-8356	-152.35832802050982	-96.60106892236837	-80.88798075310307	-44.138686357605366	92.72200736797929	
1	CX383	153.81598862660604	-3.3125028389689675	-1.765211805617028	11.973374445575796	-1.270077273209104	
