1	IRIS_313-9121	-20.071071812441076	-83.15431137559919	41.40683858456634	58.02337964167013	68.0734943166043	
1	IRIS_313-11162	-19.80975328982871	-82.76463933906052	42.13987013860672	58.64292338310637	69.97719155692457	
1	B010	-20.311001002935882	-82.34084859892997	42.22208265707534	59.11945036421528	68.60036278779583	
1	IRIS_313-9182	-28.893602883638945	-80.83587494892657	46.248906589766946	53.36078165383344	58.56184074122998	
1	IRIS_313-10990	-28.302795691041357	-92.57723519502245	47.1048459223317	71.70934637604871	50.17516849204489	
1	B026	-17.00219637348327	-82.92936375140562	42.5111910841376	58.30632806360127	65.95947570827649	
1	B029	-18.58784166702514	-83.75689167227821	42.930558734283395	58.65547359717288	68.80777243053407	
1	IRIS_313-10511	-21.549441560513767	-83.88694075090804	43.38888137384636	58.627187261967244	71.85007407160467	
1	IRIS_313-11205	-20.094088452396594	-82.17012914236872	43.057756092845395	58.781242574935135	69.19119815203727	
1	IRIS_313-9262	-20.018971986380954	-83.73385117638279	40.75379021398265	57.46974189987187	70.6327621792198	
1	IRIS_313-8660	-19.14957566248118	-82.66335926499607	40.434848812458775	56.740386274866836	68.65071000465278	
1	B059	-16.833272392415903	-84.39432392998046	41.77508240655881	62.77759967410587	67.71131678681904	
1	B061	-18.199417036053624	-83.78655769760218	41.862562280152844	59.0777480509634	68.99313047648991	
1	IRIS_313-9317	-20.704734440812857	-80.87934224307737	39.82422063813631	57.45591999301133	70.5933934245263	
1	IRIS_313-9320	-24.645806485990892	-83.99891887460639	39.528920674942995	57.233407520927386	67.69599698790425	
1	IRIS_313-9324	-18.689352746173693	-81.31510669565058	42.259756292495005	56.19529025572654	70.89581988981769	
1	IRIS_313-9325	-20.836066125896714	-83.14245425795917	41.935201355180276	61.48187116313702	70.06296103289354	
1	IRIS_313-10997	-23.07131457910663	-83.50507504503675	58.38657470313872	43.741711038315614	72.15709282373184	
1	IRIS_313-10614	-22.73180873896782	-75.33192305481306	33.92457550131666	54.493339392250626	76.02109817708043	
1	B073	-20.00834270493914	-80.39992705081296	41.550348142621495	55.745961671417874	71.21741470553263	
1	IRIS_313-11234	-43.26856316708862	-90.99596181440207	41.57602404328999	58.344698204050694	59.65653985085865	
1	B076	-19.128676735404383	-83.91779875748853	40.889612000883595	57.37372499608356	71.04597712746127	
1	B079	-21.489582760828604	-83.01868989520699	42.618336602292935	57.39817955637896	67.90672713608156	
1	B081	-19.618522979995014	-83.43716726709455	42.44000832764963	57.773027743509395	70.48198295840565	
1	IRIS_313-9384	-20.87980855895146	-83.00421820501201	42.79469665962555	57.99935716955004	71.02626113144737	
1	B089	-21.280592492757005	-82.9255738245446	42.35151680947101	57.56404127443948	68.59903696886191	
1	B090	-16.349887706737537	-81.30410556986588	46.983749800080176	59.40966827437323	75.87189900465658	
1	B091	-21.104513679450857	-82.91531976322565	45.313928711347195	55.986750007058845	69.03436639300759	
1	B092	-18.1401997380395	-83.4691166948419	41.74710368270223	58.86680073247489	68.24350585344514	
1	B094	-18.56660858197498	-83.19881044767756	42.88352745406912	58.129774584158916	68.89636278800654	
1	B095	-23.0070267474271	-80.61567994910386	43.659886085902414	57.49855286480826	69.1224052877301	
1	B096	-23.431243403145753	-81.25864524587918	42.180008839856974	57.869762761867754	67.1664056639201	
1	B097	-20.89479173596917	-82.39787752020403	42.140577572585045	58.4543226157892	69.11380120402578	
1	IRIS_313-11256	-20.003845647934416	-82.33159995817861	41.02123470656919	57.47727554300688	69.54676086014562	
1	IRIS_313-9424	-22.18898516238806	-82.8002431862732	42.314830995826604	57.47276816665681	67.99061363375161	
1	IRIS_313-9427	-22.708118086913714	-81.90189524315376	41.5654826883023	57.754716824089066	71.80133678825699	
1	IRIS_313-11261	-24.14029624184847	-82.44765631421153	42.36044898235623	57.55228271422623	68.99874612246798	
1	IRIS_313-11262	-20.829319703777145	-83.87487080577658	42.864988998006474	58.16680359585098	67.7442789148524	
1	B107	-21.22234324850148	-81.76482743116522	41.48924516765537	57.813508309146336	68.81507903096785	
1	IRIS_313-11264	-21.50107572489841	-82.78990846803792	42.593835144156905	56.782910135035905	68.9858815505924	
1	IRIS_313-11266	-21.311763298408906	-83.16609549582972	41.4401825390658	57.91919603471325	69.5189525273951	
1	IRIS_313-11267	-20.990423548413144	-81.78256235020164	56.67512736152773	40.629167756461705	73.39081614808042	
1	B113	-20.391969440308177	-81.0879795575265	40.87267852880637	57.959605735455085	70.24922751318954	
1	B115	-20.10623136134714	-83.562803941189	41.63769150976098	58.09736407882261	68.18968520745507	
1	B116	-21.11225413446948	-81.4432623971244	40.187183436276854	52.88587649077241	67.41597052817413	
1	IRIS_313-11273	-19.082926044866937	-82.76821647188811	40.7226792087429	57.17860853380949	69.45605067383067	
1	IRIS_313-11275	-21.698204244194596	-83.61946948595813	40.95705101243504	56.19944508702393	67.93129524545937	
1	IRIS_313-11276	-19.97812670974729	-83.43186387021923	42.818522352677725	57.834309753198404	69.90497643681141	
1	B121	-19.613733328802955	-83.6547717216099	42.114889764539626	59.1024991031922	68.57991719776294	
1	IRIS_313-9492	-21.938182124577533	-82.38233305076703	43.348586052648734	55.73038709426552	69.67382405451339	
1	B123	-15.218873124013383	-80.40585359899484	46.67316745876222	59.36788218126899	76.30300987494192	
1	IRIS_313-11280	-26.048563962196333	-84.60398666759134	41.563312956127014	51.067215620226726	71.57071845492926	
1	B125	-17.58432293852415	-81.39877967498349	41.175873339774874	58.649367785226225	68.31027314895643	
1	IRIS_313-11282	-20.126932515093	-83.6121345198459	39.68093015180588	57.841596850561835	73.83471644145506	
1	IRIS_313-11283	-23.836987338471573	-67.21415599846316	40.5985733223096	51.4794870391186	61.86384952643888	
1	IRIS_313-11284	-18.472708252437567	-81.96430998368182	42.1959700562049	56.40018301802762	70.263940132351	
1	B129	-19.908622303635497	-81.75912574017207	42.29010248764344	58.742203184625275	67.98300144498353	
1	B130	-19.026732759048823	-82.77991212454319	42.587699840768344	58.49049564652463	70.10275805721598	
1	B131	-20.361081756827183	-79.64424016691339	35.77602249190884	55.90421442903592	68.15727996841565	
1	IRIS_313-11288	-26.055783337403327	-63.444862472526246	58.20378525736787	44.63305674135355	81.30994576501475	
1	IRIS_313-11292	-20.979039895867665	-81.90248330738456	38.80923498305025	54.910092076994395	70.56047959767731	
1	IRIS_313-11294	-19.585283927716873	-83.06415595923744	42.23874246061087	57.710405640801156	69.13415795918306	
1	IRIS_313-9560	-23.126878788584524	-83.16159540938575	41.28570332653858	55.98450094532002	69.08692845303965	
1	B140	-21.251294300631326	-82.33420469060647	38.8194985732388	51.43428181558137	67.9239914949312	
1	IRIS_313-9570	-28.01505075853884	-85.01365366727089	32.7159441543262	47.468140288678	60.30760726536539	
1	IRIS_313-11300	-23.11884919244013	-81.01033843872155	44.2359857958675	59.56832256371906	67.5828433800646	
1	IRIS_313-11301	-19.533969516079782	-83.3471342870838	39.92141625070054	56.498518493546456	70.34959518416801	
1	IRIS_313-11303	-17.870850068163048	-73.53527602611949	42.93002144273461	53.714046083337244	59.23625709248797	
1	IRIS_313-9590	-27.953190843777524	-82.01205727158062	40.00385011048793	64.59184760731848	67.3717614441919	
1	B149	-19.78748182516353	-83.271000895061	40.53081028069575	58.998459937532274	69.19061852227405	
1	IRIS_313-9594	-19.974462128017404	-83.88754820497091	41.327117240563396	56.89683858323903	69.73571637174669	
1	IRIS_313-11307	-20.792279841551466	-82.44364583437752	41.32768204539388	57.55346560215013	69.53407159324946	
1	IRIS_313-11308	-20.538364879595477	-81.5142221659008	41.463024325655674	59.031690131105115	66.97022227802202	
1	IRIS_313-11309	-22.27616177038163	-81.1211318266506	42.986979148617436	58.9281653961667	70.04053258898475	
1	IRIS_313-11310	-21.60085817971907	-81.926168086186	43.31594249895584	56.471677536118015	67.19784454950394	
1	IRIS_313-9605	-19.644954595217083	-83.82886903062492	42.25597262361687	58.23381524402532	67.1106171168762	
1	B157	-16.154828731313902	-83.80846419753438	41.248092387444224	63.23547988215383	68.86248702803334	
1	IRIS_313-11316	-17.896056215304572	-68.41074577736842	46.69870018723154	47.03796201649666	52.49169391570146	
1	IRIS_313-9619	-21.488191097503307	-82.62905608118702	43.27929421821504	58.405320049322135	69.45378392877247	
1	B163	-18.851433352082637	-83.30967606308639	41.52864044379156	59.574817861624005	69.95077327877276	
1	IRIS_313-11321	-22.363861138550046	-82.18226970843789	40.88959297434078	58.09871682062367	71.1259172293882	
1	IRIS_313-9634	-29.415824095131786	-71.98689855268833	42.83604792006186	56.76594254946526	62.76927380597023	
1	IRIS_313-11338	-22.691868470446504	-82.50664273731812	40.849558035778244	56.23349624948514	69.04645633944244	
1	IRIS_313-11345	-30.778845008894027	-89.53786137050086	47.223492840609026	72.45072830209494	50.75624870320579	
1	IRIS_313-11346	-19.622272381709646	-82.72892081403701	42.39133020934771	58.909603119767304	69.42107877781476	
1	IRIS_313-11347	-27.43998306083209	-88.90695725320526	47.55778396570213	74.08802560688854	51.949163033811445	
1	B197	-20.715049779566254	-81.70574565036621	40.125649491914245	53.66520597537124	67.78582183994833	
1	IRIS_313-10814	-25.169239728663534	-84.01246836874593	43.49542375691883	58.375120270980645	66.17322417650367	
1	B208	-20.341258764920454	-84.25985234549914	41.107936638402506	58.43974462631	68.04819173537567	
1	B210	-22.53201594184528	-82.09385593976076	42.267820713687364	58.402184579016776	67.48406984190653	
1	B214	-23.320450708330956	-82.28702674174845	40.62523273804091	61.42822861403133	69.85865561258936	
1	B216	-12.854734895960565	-81.85522478045857	37.992383127984375	57.15134274575385	72.22474660511746	
1	B217	-23.89336856303146	-78.92594517182906	41.45186591017134	54.737019875767984	68.81639180636957	
1	B222	-19.622339833629404	-82.96811238395118	42.55017900398498	58.67195155464274	68.33718924771728	
1	IRIS_313-10847	-19.412590155364736	-81.60764663596623	41.86975081579002	56.283447050337514	68.7740104024383	
1	IRIS_313-11306	-18.188831874981233	-81.32336810771974	41.48294485230328	56.95167698678986	68.40825916972231	
1	B229	-25.052432452155085	-81.2642047119357	41.59430862420397	54.623421473046015	64.7306499843658	
1	IRIS_313-11382	-24.90867932181431	-80.68037710762002	59.63243352012884	41.67568113931466	68.7731084580206	
1	IRIS_313-11383	-20.71477807605439	-84.51776409264208	41.486378153340674	55.86856752890852	73.3254536315508	
1	IRIS_313-11386	-20.948599850792444	-83.3744572150147	42.232022083492765	58.48037584274102	72.5664636984801	
1	IRIS_313-9867	-21.743049155210358	-85.32805623594744	43.317781999693516	57.884666673642876	68.89755639860635	
1	B247	-18.83061350794634	-83.05572341035138	41.707035576683666	57.61585180208619	70.30776484748193	
1	B249	-21.10926894480493	-83.98796080907802	40.8590603527944	58.938598445737576	67.97739153715719	
1	B252	-19.2529148585641	-85.5602814600416	39.760878895849345	54.57838832618939	64.13975391661323	
1	B253	-10.365645673102271	-85.62570089428745	31.70066071746571	57.636391919189315	83.4403722528985	
1	B254	-10.729567614154144	-85.50492948179242	31.7607197918575	57.5729868265863	83.2011144292235	
1	B259	-22.05220775781958	-83.13226144066756	42.45468511240319	59.46543022888352	69.33888610821462	
1	IRIS_313-11407	-18.196107919413073	-76.70522684594012	42.596756368308355	56.051233962490876	68.49019586237009	
1	B264	-21.382632741795387	-82.42314484924447	38.593343592162164	51.27371439802241	67.9847874344845	
1	B265	-21.283825032674837	-80.36577102878098	40.10396389884776	55.156798176809545	69.49452898472109	
1	IRIS_313-9968	-20.88549735385145	-84.05413037646382	45.79573160464419	61.64189212555145	68.28846755802273	
1	IRIS_313-9969	-23.05281188918217	-81.6735643855553	42.921457239657094	57.81855823006479	68.52528508307509	
1	IRIS_313-11206	-21.08965713722035	-82.7611517680731	40.26479867435992	58.48877950976053	69.08963035024811	
1	IRIS_313-9976	-21.370633746093997	-80.40809511942273	43.24394578929274	58.03579814398099	69.61275735006556	
1	IRIS_313-10674	-21.63849989758442	-83.30799645065423	40.914087290825535	55.109762270652446	70.09211969462454	
1	IRIS_313-11442	-21.740620783979704	-83.13089290328543	42.02025248497478	58.70382750176446	67.10495674953539	
1	IRIS_313-10675	-19.638436975879024	-83.10322163747165	42.269372817650286	56.51561357973116	67.10541251893892	
1	IRIS_313-11447	-19.430190057502415	-83.21923266870155	42.57309242273014	57.468540603808755	68.13589672773664	
1	IRIS_313-11461	-21.34515355602524	-83.28994052490029	40.99221714057259	57.46792087211276	67.0235405581454	
1	IRIS_313-11467	-30.43350652768551	-93.71903700832117	35.92588329723738	51.37574371786773	65.32758270958095	
1	IRIS_313-11472	-23.538585976220393	-83.22928720804528	40.62046270214872	58.045782284744924	69.58049324917857	
1	CX60	-16.66519024249997	-82.74865382857179	40.49794325588929	57.030615373007684	69.63800499094799	
1	IRIS_313-10681	-21.692187427993336	-82.28467166895362	40.081536558428986	57.76393186275859	71.99486589719419	
1	IRIS_313-11493	-20.484870022569964	-83.16269064646457	40.74164146936618	56.340907534982655	69.55646788589848	
1	IRIS_313-11521	-25.926381056329436	-83.17848968011909	40.674941901262024	54.49120240671808	68.09412906883252	
1	IRIS_313-10687	-24.67500425539752	-83.04233464836321	57.14945289707209	42.677698575848055	71.54857570538006	
1	IRIS_313-10171	-16.427136995386107	-82.73209425177902	40.60431520134666	56.84394315312401	68.03747622872508	
1	IRIS_313-10177	-22.089729639140128	-78.39751796126974	37.08768259557329	56.011090493282765	70.42212015274843	
1	IRIS_313-10179	-22.46557641119437	-80.89691153435852	38.0787614178744	55.74854998515973	72.75150005079917	
1	IRIS_313-10189	-19.627990234598133	-84.05204013355839	38.88648903586361	57.74326860674074	67.74171328710092	
1	IRIS_313-11530	-23.042464078629674	-82.16179247171338	41.92976954463127	59.26647174907937	72.28543408566014	
1	IRIS_313-10221	-21.307851870996778	-77.72006568477775	41.44083923852133	55.22304484005904	72.36953978677347	
1	CX114	-18.506584344467377	-83.8182044685527	41.821039028598356	59.046778749974415	68.57772609830178	
1	B064	-19.036133578448812	-82.7934495860956	42.985691209500985	59.190539998788964	70.15069451135669	
1	IRIS_313-11558	-24.205950551573597	-84.44622318346167	42.058426686016375	55.99015103705908	68.35696840658642	
1	IRIS_313-11561	-20.022700316864682	-82.15333635114123	45.52464894064882	55.683545662889685	69.0249012276916	
1	IRIS_313-9917	-18.474078088118556	-82.4040850285139	42.21212190100242	57.25900102426719	68.92639409043092	
1	IRIS_313-11565	-21.17881931620985	-82.99319810265364	43.54919610655756	58.629999067629704	69.65185049367376	
1	CX141	-23.850779022040854	-84.32431181207346	43.88406606212753	54.06579904018852	67.14547876504673	
1	CX148	-22.32429560686455	-83.24831033296813	41.862212694977075	57.13729002013387	67.52764014184018	
1	CX150	-30.992602867585216	-82.27638697755197	58.69302829282446	31.843168169469017	70.90406480813579	
1	CX154	-22.306696919532516	-81.93913563892735	41.87061912473004	57.87433730438297	72.83692257750424	
1	CX158	-25.373525164203997	-84.09290648722555	39.250432921138035	56.97001173717462	68.73098395812322	
1	CX162	-21.849938852037507	-82.54751655629255	42.338997085811464	57.14325704186189	68.62512553665395	
1	IRIS_313-10880	-19.70901980671534	-82.68844457391381	42.51101947536137	57.40720356537321	69.51616183842778	
1	B261	-18.84527496154767	-83.26612258335707	43.36412345629389	57.46915524098916	71.02734083294942	
1	IRIS_313-11622	-19.690526148039467	-83.65855310105606	42.5870476880116	59.66530289621532	69.45968535328942	
1	IRIS_313-11624	-20.187998136882747	-81.45236804574385	44.330853368947736	57.013908558290325	69.31775395887146	
1	B074	-12.768654052314652	-79.6482353952026	41.7718380038462	59.47736130894715	65.93674840823985	
1	IRIS_313-11443	-23.069318168812156	-83.1921022707536	41.908697680924455	56.29043148577659	67.73271098328583	
1	IRIS_313-11635	-21.56593332879833	-82.717009714054	43.036694574323846	58.76348448996001	68.2844834831429	
1	IRIS_313-11638	-20.54638793667384	-82.1736629507919	40.36168806624369	57.694333498824925	67.37754067548303	
1	IRIS_313-11642	-22.296972939197953	-81.43925721624262	43.941548021424104	56.4241514272246	67.1627580631601	
1	IRIS_313-11645	-22.850501759984763	-82.05939260809096	45.89064833386239	56.524060645565434	64.404869140425	
1	IRIS_313-11646	-23.262788740749297	-83.32555981496581	42.2266013083345	55.99179341168517	69.77779101039388	
1	IRIS_313-11647	-20.399711050385108	-83.21212760247566	41.906800650658234	55.7854561388194	67.75313920648797	
1	IRIS_313-11648	-22.555319441423524	-85.19844934825646	44.03283717418151	61.84543531395488	69.47837653066449	
1	IRIS_313-10706	-21.843083048885504	-83.47515488571142	40.75999233598059	58.13464646828031	69.42945687009336	
1	CX270	-19.745147609595474	-82.88699181694642	42.94308120116187	56.86066488302799	68.35914960410832	
1	IRIS_313-10477	-24.062562981595995	-77.79938070865623	38.47771774662263	53.35032431528737	71.78386174479117	
1	IRIS_313-11824	-19.540316457528576	-82.73805179850102	41.28171396517277	58.59219847930532	68.10061603644195	
1	IRIS_313-10503	-21.161078094246875	-81.86174887983478	41.060683742883974	56.690992453736015	68.61251793162826	
1	IRIS_313-11664	-22.264236682533223	-82.64552439905424	42.05927699538241	58.03451188684963	68.2193039941347	
1	IRIS_313-11665	-17.435989837602463	-82.27777991766166	42.25803793421074	58.241650185863335	70.60581826655888	
1	IRIS_313-11666	-20.006099053774328	-84.12212089019197	45.07605673661874	60.700483615627995	69.21354154513435	
1	IRIS_313-11667	-20.071887822561358	-83.14508367568111	42.59981725351747	59.73770394922312	69.10961310282657	
1	IRIS_313-11668	-12.635121346942405	-84.45154643786015	38.94792706129598	53.27939644655512	65.1594352525538	
1	IRIS_313-11674	-22.796479220046688	-82.91047917932418	41.293244106993285	57.66666981690694	70.97477909917434	
1	IRIS_313-10518	-22.458723529617277	-81.48301722306286	44.59949378023968	53.96475535037825	68.1831520739714	
1	IRIS_313-11677	-20.261288843944005	-82.07903259511153	42.39264604454103	57.952403742395475	67.80869057007274	
1	IRIS_313-11679	-21.71279104780696	-82.91520792129684	41.87364351566559	60.182419916800164	70.57240163886942	
1	IRIS_313-11681	-25.371473791131546	-84.67260374153965	46.35474170718331	49.943440678334305	64.0145483590178	
1	IRIS_313-11683	-21.290136236931193	-82.22756916530541	41.96102310632716	59.82005042102107	71.9038693779815	
1	IRIS_313-11684	-21.33086620364001	-82.72278412050511	42.15362904572286	58.11400077791042	71.94189105514882	
1	IRIS_313-11685	-22.488235070299456	-82.08506009276356	41.526605855224226	58.1920082398101	67.91446515342595	
1	IRIS_313-11686	-22.491536713508257	-81.25288839992291	40.79981190032365	58.61332227048423	70.86323008773	
1	IRIS_313-11687	-22.328234788537994	-83.30072284243428	42.256048431892665	60.498810629191404	73.2913820677696	
1	IRIS_313-11692	-20.296728864846152	-83.39941799929925	41.83070061078882	57.814236372468194	68.49589840535829	
1	IRIS_313-11693	-22.35462641764404	-80.63487972951218	40.8281620372092	55.61055538183835	71.5294413161994	
1	IRIS_313-11700	-22.08901570681748	-82.46629781516887	41.5866138581685	59.39139534223617	70.7678036361341	
1	IRIS_313-11704	-23.666573078833277	-84.93245085740325	42.777210057723565	53.490683965029774	65.46857170995311	
1	IRIS_313-11705	-21.58011596352687	-81.3729358241133	40.170971500522015	58.58369994768101	70.84611808404053	
1	IRIS_313-11706	-20.18961367949661	-79.38637997027288	57.602867411296764	45.51970572158536	77.33666685920802	
1	IRIS_313-11707	-22.92793784357362	-84.02059730690854	45.38144886776138	58.16726105253344	71.60780868157676	
1	IRIS_313-11708	-23.548345580926608	-82.33143899307254	43.27051171192457	59.98011631877518	71.71007516628724	
1	IRIS_313-11709	-23.71071728088798	-83.5175632093924	42.46125836749398	58.15321874890823	66.34444189355023	
1	IRIS_313-11710	-21.685212728063565	-82.80360963318228	43.355555865211706	61.33731724460863	72.14776774348765	
1	IRIS_313-11711	-22.71166403157179	-80.56958288094016	43.4512805092146	60.191109144744836	69.0563918981535	
1	IRIS_313-10824	-24.546916244528052	-83.37176093075756	43.712083869957844	58.36334604762851	70.20742390327334	
1	IRIS_313-11717	-22.190858637876172	-82.81029533504217	40.96704830545292	61.325326078023366	69.44242824106861	
1	IRIS_313-11719	-21.903074580129456	-83.37164657863723	41.23341033387802	59.00571946308792	71.3767611228554	
1	IRIS_313-11722	-19.828683128810777	-83.35895484912565	41.759144792526605	56.84819182805102	69.36581926660818	
1	IRIS_313-11727	-19.01939353862194	-83.06407504679207	40.59949302861088	58.2222632246006	68.28077370910714	
1	IRIS_313-11728	-21.57488376022062	-82.08732993959634	41.162016788038855	58.3520917172446	68.67086973922743	
1	IRIS_313-11730	-22.377581921332073	-80.8184572241136	39.86247236020234	55.29766073318301	72.22781641743927	
1	IRIS_313-11731	-19.02322421506548	-81.75583367110868	40.48135187512287	54.17278660271552	71.0274874298702	
1	IRIS_313-11732	-21.118633578109115	-84.6432473748141	40.726378052130585	58.377662041445795	69.01449614350946	
1	IRIS_313-11733	-21.586720961105865	-82.80674117942188	41.223786015299765	56.53225314238287	67.42543123957847	
1	IRIS_313-11734	-21.330457246282073	-83.38642442596252	40.306930458266216	55.380704525065624	68.54037513640702	
1	IRIS_313-11738	-21.010626303287	-83.70757281463555	42.76892397284587	58.279520190467714	69.73835791861079	
1	IRIS_313-11741	-19.824635538094913	-82.75893439579724	43.77930533352806	59.1532173354359	67.82798524637623	
1	IRIS_313-11744	-21.97537172617113	-78.51509660522444	36.966630443896236	53.7770209725055	69.87067166169811	
1	IRIS_313-11745	-20.156963392366574	-81.6366399355825	40.60664216722443	54.38923902735097	70.16751315131204	
1	IRIS_313-11746	-22.73506246087966	-83.9567497735911	39.75626816845462	55.762173632383295	66.81750777554284	
1	IRIS_313-11747	-17.36574107985966	-83.34975932833142	40.52941991463461	57.49962375100733	67.88243313286117	
1	IRIS_313-11748	-19.70538361351314	-79.12369693469694	36.26835800086774	56.55430980932145	71.10075492722244	
1	IRIS_313-11750	-19.459615747591524	-82.85165262101643	42.63064657845427	59.40848401064646	68.83537000340439	
1	IRIS_313-11751	-20.08234646589092	-80.17648795036736	41.07928043099815	58.573015161961	70.5844921979267	
1	IRIS_313-11752	-16.20735758540503	-84.7668611369071	41.53488838048869	63.254910608268766	64.0042936209626	
1	IRIS_313-11753	-21.754311006058256	-83.91129933850966	40.5893386318112	57.897950464152814	66.80530246856634	
1	IRIS_313-9406	-22.03096074352266	-84.14929058161844	41.26872506015517	58.55997970277745	74.00764853085701	
1	CX403	-20.774034690917418	-81.18731495634033	41.4589766296246	54.498380270284045	68.78543816609415	
1	IRIS_313-11076	-21.7440032272816	-83.2849040890421	43.74375349771999	57.30967016628515	69.40608087342993	
1	IRIS_313-9409	-26.05011117591794	-83.68586057400124	40.44288033248206	53.094305393942854	70.62182776364962	
1	IRIS_313-10651	-20.67987467475049	-81.71013425281922	42.14961628187743	58.96276158406227	68.0134342879013	
1	IRIS_313-10652	-21.96068281301777	-83.81261983236327	41.2365322263666	57.88976837800502	71.25897932550794	
1	IRIS_313-11255	-20.178061142791982	-83.03845696141543	40.98437537415259	56.1033437239216	67.55557402513449	
1	IRIS_313-10664	-21.236045364258157	-83.51636831493936	55.0998899507932	42.456268967957115	73.39071775988326	
1	IRIS_313-10666	-20.195937236039306	-82.48179543588752	41.49303535128514	56.059007006504544	68.45541966513005	
1	IRIS_313-10667	-24.054609183292527	-82.03139280586862	53.19385760989467	46.57262882067613	70.74800559245232	
1	IRIS_313-10668	-23.304224984188714	-81.14159739491959	41.03420205466566	56.85688263289679	70.0462306719801	
1	IRIS_313-11795	-15.359032238770727	-84.90686769372613	41.32735717551592	62.949567451935295	68.17671350376614	
1	IRIS_313-11796	-20.583880738936813	-83.65459706637473	44.407808756180245	59.264282780935964	67.82948935705505	
1	IRIS_313-11797	-0.6808292049681361	-86.01617992206	32.09211549611643	54.46129944101238	77.5131982378435	
1	IRIS_313-11798	-21.374981704198426	-83.75556886137362	40.2180815710898	56.18978790322246	71.85424498627192	
1	IRIS_313-11799	-22.092173434229586	-82.58403562636495	42.215566115545016	58.128434017054644	68.82518288956706	
1	IRIS_313-11801	-20.096158864125094	-82.0392108106691	44.03296410268148	60.940128909208504	69.98578362753449	
1	IRIS_313-11802	-20.275470236629978	-83.71687276994449	43.756067462120726	57.45327032252613	70.20929981479202	
1	IRIS_313-10682	-21.483235000634693	-82.55794058895428	40.49932850576311	58.578009514931125	71.14230640549857	
1	IRIS_313-11804	-19.794604580693996	-83.35395753611103	42.37102196085559	59.79898290646956	69.59806855716565	
1	IRIS_313-11805	-19.01642521482777	-81.86164543047828	41.96079794027372	57.363019697295236	72.04915797645404	
1	IRIS_313-11806	-20.877988958373294	-81.64340750153411	40.865544554925904	55.2211102570041	70.10887914355892	
1	IRIS_313-10688	-24.42745071547892	-84.99955399152753	40.1769039070356	57.55939698158506	68.97020522687227	
1	IRIS_313-11260	-19.135291726629045	-81.9995839958188	41.18006308195674	57.10302501336143	70.79670386211255	
1	IRIS_313-8305	-20.61784581204045	-82.76307034638702	43.08061683055082	58.30178313989808	69.25218280486209	
1	IRIS_313-10697	-28.17958224801021	-82.90103987484304	41.92644342666203	58.41486013652706	67.8238921853088	
1	IRIS_313-11816	-22.883732554018124	-84.81975481833278	40.952893154513966	55.385619013742016	69.67609061923221	
1	IRIS_313-11817	-18.918343901092136	-83.01655407552852	41.744371005448954	57.65357892722377	70.76542499893293	
1	IRIS_313-8332	-21.10253671514524	-81.71880326574627	41.95378477110272	58.358194194227565	69.07107368522394	
1	IRIS_313-11819	-22.559507439034824	-84.27417397127789	40.448810085479785	56.75993953851254	70.13569656544433	
1	IRIS_313-11820	-23.865839247511357	-81.69814201123546	43.203868170666034	56.35880295202548	70.80701986440988	
1	IRIS_313-11822	-20.42531437834192	-82.6445204263861	40.959122335899515	59.00848525526065	67.96450171606509	
1	IRIS_313-11823	-21.262299528470294	-84.5503907393269	46.603752100607444	56.05074721979124	70.71181823047324	
1	IRIS_313-7736	-20.19535209169419	-80.49860029121098	41.71225246366643	55.15410645615447	67.91509486923869	
1	IRIS_313-11833	-23.51419880898108	-83.1356372608673	39.93083566943854	54.00771253061242	69.6732938243561	
1	IRIS_313-11835	-19.287805456579587	-83.88456453303945	41.67519765608314	58.941159506242705	70.55523570791577	
1	IRIS_313-11836	-21.05699587611132	-82.90848864532187	43.31466350424701	59.23152074286333	72.72156603385827	
1	IRIS_313-11840	-22.94114187572168	-85.29612499952991	37.82011280949484	58.51194223972946	70.92610814111728	
1	IRIS_313-11842	-24.308907839971017	-82.88587227885172	55.539887536801764	46.753987371665545	71.77572325939892	
1	IRIS_313-11848	-18.62953275673904	-83.51458264853298	41.79298033627823	57.26341057606344	70.60058385610574	
1	IRIS_313-11854	-21.425547512817094	-82.56073662022847	43.069619054551005	58.78717363305984	69.25974998410344	
1	IRIS_313-10748	-20.393651670246513	-82.29967040966608	39.16755099700335	57.46689252577483	68.75709436082006	
1	IRIS_313-11866	-16.266592213564003	-84.99420482448582	41.1430763960231	63.090414129592915	65.52595874406967	
1	IRIS_313-11867	-21.726205414618565	-82.54358202887978	42.073357045963384	59.11401489586277	68.99670995802524	
1	IRIS_313-11870	-19.69370254758191	-82.6026916559428	43.97841011582478	59.551727664325114	71.6174148203523	
1	IRIS_313-10755	-22.99065293204232	-82.41531869580874	39.76237869631698	57.99229419905611	74.73506157663275	
1	IRIS_313-11877	-22.296918906877753	-82.58431008196298	42.5429441801273	58.540205322465354	68.98263507311859	
1	IRIS_313-11878	-22.44561320154826	-82.61036399827863	41.28015929900109	58.472468050599126	70.05280897353352	
1	IRIS_313-11271	-21.753989159408185	-81.39977287447189	41.6955422572178	58.31086860339837	71.96174613829243	
1	IRIS_313-9469	-19.400843604413947	-82.74752261891686	42.14164814389031	58.033744798321216	71.80119308520725	
1	IRIS_313-10774	-19.8067419595568	-83.68726644147624	42.46551644554676	58.42559106293444	68.30154086228521	
1	IRIS_313-10778	-23.090019022163236	-82.81192203322149	48.129763041486484	55.2762806668693	69.57357701659889	
1	IRIS_313-10779	-26.345615971472263	-83.61434111714861	41.23330119303035	61.200704495539526	66.561506700141	
1	IRIS_313-11909	-21.487217431789073	-81.79003780759795	41.59266689119912	54.93148115746167	70.64945131137245	
1	IRIS_313-11916	-19.63912149787441	-83.84737463575534	43.20417363000081	55.81477610027472	66.59485187364264	
1	IRIS_313-11918	-18.40216704982927	-82.90996814837484	42.52538480557793	57.612278532194544	69.01255217562145	
1	IRIS_313-11919	-20.130757343834826	-83.22945770044514	42.81739925932933	58.58309699556345	69.14067974320284	
1	IRIS_313-10806	-24.350538786515013	-84.4664322686467	42.333600617359174	57.947236917099936	65.0482586214817	
1	IRIS_313-10928	-21.78918885451619	-82.3184376987563	42.486579522132836	56.366935118027556	68.87518807577808	
1	IRIS_313-10810	-21.516971094750605	-85.34955477501676	43.52077108987454	59.128181237455976	68.35747300747111	
1	IRIS_313-11279	-24.58138021213603	-78.4690761535546	41.84643673853988	52.55414165427876	65.47711442571467	
1	IRIS_313-10813	-30.579782787279104	-84.46758332964092	42.28843817703681	59.50316183653318	64.30286614372362	
1	IRIS_313-11935	-24.08088188279658	-83.35812467673377	39.986123537179694	56.502039116747184	73.9664167367331	
1	IRIS_313-10822	-23.44434771529408	-84.80062580607243	41.74312875711954	55.18689454701372	66.31122479946339	
1	IRIS_313-11945	-23.332357976541093	-82.31331393801916	56.27600933428747	45.047642241146136	70.27336459325666	
1	IRIS_313-11281	-22.044083760268066	-82.52218729875854	42.317103394668635	58.515396483551505	69.28412579640685	
1	IRIS_313-11949	-22.501314685544962	-82.7644961629913	41.34470819125651	57.64557700382813	69.10493110954545	
1	IRIS_313-11950	-18.627827757535513	-82.91234416653052	42.413246863714186	60.199816373968176	67.83574373280109	
1	IRIS_313-11953	-18.45158565008751	-75.6791817194973	46.04003072318894	50.52740129799539	58.67263592752372	
1	IRIS_313-11955	-22.76002830212606	-81.31818428009487	40.898646748201564	57.9031496026445	69.4381001690323	
1	B105	-21.165476667276717	-78.21558675846849	43.03850204427728	55.51577990359231	75.52288750547523	
1	IRIS_313-11959	-29.204867526891732	-91.33027835181542	47.75254616390127	74.29123481723772	52.03341024895587	
1	IRIS_313-11966	-19.88734575561994	-82.29780413072274	42.767570493479965	57.388698953871945	68.45945130673265	
1	IRIS_313-10855	-23.21675684748098	-82.46230051884308	54.297585650040396	45.087451118147165	73.78043925267424	
1	IRIS_313-11286	-34.94332059284369	-61.881609477013356	43.79889532610272	55.69646953967291	70.68138103578862	
1	IRIS_313-10858	-24.681372606528	-79.83664897427796	45.3015545995095	55.28966848639977	69.41404278444868	
1	IRIS_313-10863	-20.874629176679996	-83.54035423210983	42.538997640736355	57.39998871048232	68.7246616653425	
1	IRIS_313-11287	-22.717121946404518	-83.25430019264472	40.953426937480316	56.98393190995866	67.54079345679034	
1	IRIS_313-8414	-16.765375179518657	-40.01567795410737	54.21874161779488	37.463110834915724	54.385182955670835	
1	IRIS_313-11989	-23.339195037194088	-81.95324928636707	41.08430565525461	55.57980408428999	68.57426443251654	
1	IRIS_313-11999	-21.999262538885	-82.87090824804821	41.587234235284136	59.89206184325059	74.184448145635	
1	IRIS_313-12000	-23.059081107638725	-82.97833779483005	41.54587149069225	57.513621394615484	67.90677342005117	
1	IRIS_313-10762	-22.848342657360572	-84.48281730128019	42.25061248868044	59.083082940573625	68.55049240948262	
1	IRIS_313-10885	-19.999462959198887	-83.18736481935342	40.31560117758951	56.442310949646696	70.99004632176633	
1	IRIS_313-8253	-22.383727014340128	-81.90028776735919	42.22566021310165	57.76671284898488	73.15373255056471	
1	IRIS_313-10887	-21.99493905987197	-82.7933964150189	41.287027558603235	54.85523712825436	68.20339494797221	
1	IRIS_313-12010	-19.96998134227158	-83.89807803893363	42.33451211545045	59.030841418004464	68.27301710064907	
1	IRIS_313-10897	-23.01042326560022	-81.6599584288145	42.60271020385913	56.77457158217547	68.39991306338864	
1	IRIS_313-11882	-19.985772770351208	-81.56260215832275	44.21074371145256	58.55634905492142	69.52186657106135	
1	IRIS_313-10900	-22.630041092599214	-82.84923164812922	43.97899843335357	59.449793581586896	68.63774253130264	
1	IRIS_313-8312	-26.079154441786624	-84.36946558328155	39.854119516865715	57.05087815651758	69.90401989410874	
1	IRIS_313-8315	-23.414161690668216	-82.06415631208709	41.610912653695806	52.42931562143133	66.59794080372679	
1	IRIS_313-12033	-21.98172305135827	-83.6547632709589	42.65946506599361	61.10476985056847	68.93617141438843	
1	IRIS_313-12040	-21.587105289276778	-82.98422549315838	42.18052159913122	60.230604386190706	71.75175700885029	
1	IRIS_313-12041	-21.809014255785407	-83.20016023812725	40.29665490359832	60.265627845378894	75.07547909333978	
1	IRIS_313-10912	-24.04257512909528	-83.46423750222924	40.170685187912	58.791410144792145	71.98787912976088	
1	IRIS_313-12044	-22.97229704486225	-83.5696730214895	41.65822444260743	57.380249217082785	69.19050539513904	
1	IRIS_313-11118	-20.413318842970355	-83.2427881020693	44.70177165070731	58.05012617489747	69.26905449714165	
1	IRIS_313-12048	-24.428251773244536	-82.34621283590954	41.864092840939655	54.914975773933556	67.69104685236104	
1	IRIS_313-8386	-20.20939397012633	-82.33546722950902	41.702072873158855	56.80427439786145	70.44419102496651	
1	IRIS_313-10924	-21.8171508320987	-81.0240451991768	40.95852727053558	53.770407765599124	69.30073217467732	
1	IRIS_313-12058	-22.156966435233933	-81.89571579361224	42.63742327550236	59.84689232409109	72.23333048578833	
1	IRIS_313-8401	-23.886746381672136	-81.96614102995319	39.791649967626405	54.73488891882396	68.6598009204658	
1	IRIS_313-8407	-22.005802380000205	-83.51221110299977	40.787085458939444	58.526232169802086	68.5692185823133	
1	IRIS_313-10937	-25.371501144637683	-85.26377467374836	56.898395006684865	42.83349338987053	71.79751986997144	
1	IRIS_313-10938	-22.630344346860575	-83.05189792170589	39.86482092831496	57.039761526319474	66.93715678353357	
1	IRIS_313-10942	-22.497895592338555	-82.29675258782126	41.54984826568404	56.43870518989339	68.65007986968067	
1	IRIS_313-10944	-24.00893915818307	-82.6169351673694	43.200867607086664	58.58353258851671	67.1567630753517	
1	IRIS_313-8453	-19.174134928975487	-73.91364824435644	42.04135269047509	54.37049434869677	58.65625202975814	
1	IRIS_313-8454	-19.779093211298928	-83.29696478125251	41.940430265576985	58.28361037556996	70.88277025649631	
1	IRIS_313-8458	-21.80326341515009	-84.02344605653919	41.45275670619964	61.48253210353667	71.18468879531349	
1	IRIS_313-11490	-23.049131230509673	-84.78661843299285	41.09001536028437	56.620787457770014	75.23888010933229	
1	IRIS_313-10954	-23.165103936861957	-83.84190136790086	40.97986291363227	59.82715852128416	66.5903448430879	
1	IRIS_313-12097	-21.73948747443756	-83.78367633238835	42.75467684195842	58.852109651058264	73.82005012479134	
1	IRIS_313-8485	-23.642669006236787	-83.16415749699605	39.59878795965731	55.67442876192882	70.13316266515295	
1	IRIS_313-8493	-26.134345047500815	-82.25423792078172	43.259822484047774	56.22287967014435	66.6748040509887	
1	IRIS_313-12121	-21.434167953113445	-83.2247214944057	42.55070025365513	57.850225212325824	70.94154610532773	
1	IRIS_313-12127	-22.219215005239047	-82.7610378839218	41.383538973038775	59.75472166464225	69.41055066273948	
1	IRIS_313-12128	-23.38597295812723	-82.29184533404832	40.35973697395187	58.09211136159036	72.51285230536064	
1	IRIS_313-8530	-25.070628614077126	-85.18219732861839	41.9638044084782	55.09772576821945	70.45159582385884	
1	IRIS_313-11304	-20.009432467768075	-83.28835794587881	41.63254338700618	57.33821867964337	69.49722757062267	
1	IRIS_313-8557	-24.639613849378	-82.384777802973	39.64455833083886	59.24056091561061	70.02679806676046	
1	IRIS_313-8568	-22.044593876924232	-83.40566139874039	44.042400002253665	54.60795454032254	67.97094311207846	
1	IRIS_313-9593	-21.081770406638906	-83.01277069606081	41.09782574757121	56.11101062393164	69.43137549449202	
1	IRIS_313-10975	-23.076113328587752	-83.45158999796556	38.890665497415974	57.037960977241454	72.31558099213846	
1	IRIS_313-12146	-23.63351227107311	-82.274443075043	43.212407392664886	57.352133129548704	68.16923961733414	
1	IRIS_313-8585	-21.74360181447211	-83.26529677211973	41.23028791112454	56.36443725110614	67.22814550376913	
1	IRIS_313-8586	-22.09056858393457	-82.87888105880879	42.07797545860345	58.99937821662625	70.85497275890086	
1	B150	-7.634869299762717	-82.454836344518	36.2084741933034	52.74028549638788	77.25872670150534	
1	IRIS_313-8603	-24.351224605824413	-80.85907440506939	42.30451482801991	55.77929502172609	65.7409080631201	
1	IRIS_313-10986	-22.43588941716769	-81.61961028483374	42.95036581887043	59.281406052888784	69.84263243806663	
1	IRIS_313-8621	-20.17129452283908	-81.7452852881827	41.45670027510558	55.12077380336771	69.70009509970458	
1	IRIS_313-12190	-21.356688924232706	-81.31006333873047	41.3154520846571	54.33010254750799	69.3421014285676	
1	IRIS_313-10995	-22.049608352234902	-83.81166963381635	42.52269374592606	61.33358221578751	69.27197693815718	
1	IRIS_313-10560	-16.10898293610109	-72.61766921132238	46.262796423412375	46.47876122163252	59.91627162812181	
1	IRIS_313-12220	-21.195013216425544	-82.76478984440874	43.7434485570882	58.87412067002184	69.03903631526104	
1	IRIS_313-10961	-25.096793739577873	-82.58375947131884	40.680601802415765	56.92165899420195	67.67144419098169	
1	IRIS_313-12234	-19.851192634490452	-81.76742604606619	41.81360264344398	55.808857122604515	68.8871262910562	
1	IRIS_313-9609	-20.789753878194837	-81.2832412993767	43.181526616254885	56.21338397004538	67.39931787003195	
1	IRIS_313-11305	-38.550130741465495	-65.66377107146837	47.63624679282837	43.341197609065325	61.17590988835793	
1	IRIS_313-8725	-27.275436741969408	-82.92793151967015	39.89884867905742	55.06968202178444	67.06213897347247	
1	IRIS_313-12268	-22.615772803686436	-83.09460747969936	41.15794030589247	56.24717206232045	67.88040465580539	
1	IRIS_313-12269	-21.2724472229776	-84.83078936554016	40.263903773802184	56.927072327032384	70.22694944176588	
1	IRIS_313-12275	-19.3239435965111	-79.38666932201956	37.739191646914534	55.58520496518389	70.9995408262642	
1	IRIS_313-12287	-23.415650595906452	-84.53534307324858	39.6538292686591	58.548076700698886	71.98455664001843	
1	IRIS_313-12288	-20.11503235293287	-82.85794627967225	44.36958777073127	60.07222633564176	70.38439418701309	
1	IRIS_313-12291	-21.997242674945714	-82.23647546688285	41.776241366141385	57.134514573424276	71.39100647488591	
1	IRIS_313-12300	-20.429828190160805	-81.73584538729109	41.0813230995929	58.78458329581215	68.59464894845954	
1	IRIS_313-12305	-21.44274369195829	-82.60465752891646	40.494384704572624	58.685655718053916	71.27231065775068	
1	IRIS_313-11296	-21.698951447607065	-82.71689133101661	42.202436622945086	57.33520387703925	68.6450863548925	
1	IRIS_313-8844	-21.324359774365426	-82.43240781828668	42.65479867067343	57.56277181965593	69.3755180089275	
1	IRIS_313-11278	-22.71257317627899	-83.56315928548317	41.570157805877095	55.29027548213818	68.4293556908458	
1	IRIS_313-12334	-21.634326898145435	-82.61659048261448	41.866601659898855	59.29838150622517	70.18356247387887	
1	IRIS_313-11079	-19.056144176970548	-83.83179254562165	40.93751915789098	57.74317222451733	71.17503226080399	
1	IRIS_313-11081	-21.37031758257065	-82.75067803869798	41.91950813208976	58.504639533803555	70.60443476200452	
1	IRIS_313-11083	-21.482032438858756	-82.61694324990802	40.46719785694478	58.63516389717689	71.17248150467393	
1	IRIS_313-11085	-23.371371648903715	-80.93980879653316	41.96235575488549	56.51348223841652	66.93917198859577	
1	IRIS_313-8900	-19.756674181884044	-82.54394337575117	41.67589215983194	54.878346587952876	70.20887137467736	
1	IRIS_313-11089	-21.25146291352824	-82.07350386492529	42.04823924205123	57.926665551363854	70.36248816971018	
1	IRIS_313-12354	-21.34828685298705	-83.34920429260944	40.23482204444775	55.7023117144448	71.27414604875717	
1	IRIS_313-12355	-21.065894400302764	-83.15380367272999	39.436659812383866	56.24112599008827	74.28412137265842	
1	IRIS_313-8924	-20.1417048506676	-83.03000915824352	44.1487367149858	56.85951486824195	68.2701881586601	
1	IRIS_313-8925	-19.733789216377243	-82.80482548599352	43.922329865902135	57.83554408673654	67.23745522458329	
1	IRIS_313-11097	-47.028991186695684	-88.03002520510633	35.73530417863195	52.68484776720804	63.12770074248994	
1	IRIS_313-8930	-21.79700127630868	-83.26092992436435	41.53744831570246	58.49335467147303	70.16448913997168	
1	IRIS_313-8935	-20.47375021713166	-83.25293465630855	40.707282845308924	53.675079689316775	68.77743709370496	
1	IRIS_313-8940	-16.87942130650355	-83.27022437065723	41.77423746044964	60.00567740900353	71.45964693048992	
1	IRIS_313-8946	-22.35315831726349	-81.82067950746242	41.195722166407734	50.49084153221551	65.72857278535795	
1	IRIS_313-8948	-19.180743269425978	-82.25132524951444	41.80320779773067	58.675031783237635	70.02221675988072	
1	IRIS_313-8967	-20.381563222372957	-81.34119425858539	40.55677545323615	58.36967118593457	68.68067561622574	
1	IRIS_313-11113	-23.02352790887829	-82.86359843350814	39.57843632555229	55.96514986475332	71.3547667426787	
1	IRIS_313-8982	-19.409735871040116	-83.5912047476148	41.455012177917126	57.10359923982316	68.18417039378554	
1	IRIS_313-8985	-22.001369658668974	-82.97904992472523	42.481447037774366	59.84849885376583	69.59924257514102	
1	IRIS_313-8988	-21.891953677668134	-82.50319426961687	43.36777467137992	58.33327859812003	69.6086562996839	
1	IRIS_313-8994	-23.709341152928666	-83.1313858941332	40.14108529338022	54.48594746367028	68.94272165023905	
1	IRIS_313-8349	-21.923085260922033	-81.24195827225977	41.55150587775432	58.124372836558315	69.0897923930642	
1	IRIS_313-9020	-23.383318624765156	-82.89816194793752	43.64277464545222	58.55785452795154	73.53724160622485	
1	IRIS_313-9039	-20.5686572439461	-83.41914951877735	37.436937734301345	57.64441412096755	72.72887872961836	
1	IRIS_313-10751	-22.812298457591353	-83.03662050129272	41.84530017042229	54.69767233786387	72.08122890873896	
1	IRIS_313-9067	-21.554730092257874	-81.57865709793184	42.89129651498624	59.18458115235451	69.97849769724641	
1	IRIS_313-10984	-22.312936184017637	-85.47763042411803	42.32014050679244	58.46213033630642	71.10360988279737	
1	IRIS_313-9108	-18.05906801625037	-82.79885742881895	42.89597601160435	57.39635551209989	70.14927812863147	
1	IRIS_313-11299	-15.753540671081963	-81.6671020475639	46.98187625718668	59.530552254538854	75.80424428503234	
1	IRIS_313-9117	-26.896158565563866	-83.6186503135214	40.359107391793806	57.20585499862183	65.10206782960915	
1	IRIS_313-11742	-23.36539492880873	-83.4552103955252	45.30658095977619	55.96932588118051	68.71012500209778	
1	IRIS_313-11298	-23.406679947223505	-82.26338050525251	46.6048611857733	52.89337334188154	65.67065845177235	
1	IRIS_313-8321	-19.627961812035803	-82.14985403396474	45.31496317588813	57.14845032853444	66.88221126968698	
1	IRIS_313-10020	-16.35681627181005	-81.96097652415872	44.77573791683576	44.6370089820824	62.897070455943094	
1	IRIS_313-8342	-22.04074659166108	-81.04996414703022	43.62961012493265	54.61339936692861	65.46749400214786	
1	IRIS_313-11054	-22.384602579539553	-82.44886407858151	45.95301586275292	51.90756140055112	68.69181681093544	
1	IRIS_313-9610	-18.691761053605543	-75.78571920917295	45.104142618929764	51.97263017657141	67.85105192462849	
1	IRIS_313-11013	-22.355676499237134	-80.85991227609199	43.37562944088879	52.77720371863746	68.40408337258643	
1	IRIS_313-10925	-23.09621028419819	-82.3672615477984	44.46566834509942	54.09391387143771	65.85119592844525	
1	IRIS_313-11454	-21.946088495095818	-80.72020289556914	39.8476751988501	50.941272714172385	64.27562353469791	
1	IRIS_313-11055	-22.378670042897838	-81.64596781735304	46.42678601515886	53.23598781439353	68.42727256266974	
1	IRIS_313-9626	-22.238742243793755	-82.41929541963239	44.74934970159871	53.01194993286747	68.07010034628537	
1	IRIS_313-11058	-22.13654101070748	-81.93876921392777	44.03158830747389	52.90623045468047	67.33371268771299	
1	IRIS_313-11323	-23.70251921826568	-83.44563536147733	45.81395074118003	54.125865719819046	69.70859336742329	
1	IRIS_313-11324	-23.452352337145626	-81.75931247303348	43.01442831447279	52.351385258612	67.75353507758962	
1	IRIS_313-11629	-22.562419734728007	-80.68867887288127	44.02283758202675	54.23787167357769	64.46258423987679	
1	CX368	-21.68449153108818	-81.72278584564863	41.140076893389555	55.56012719133364	64.53183114630089	
1	IRIS_313-11064	-25.058723621715163	-79.5398271755808	47.079605581234915	48.52637847796561	68.86467347399007	
1	IRIS_313-8410	-26.228657260570024	-83.80446467861081	44.79930969534964	51.82091514496003	67.73460411842692	
1	IRIS_313-11636	-22.706573399006857	-80.55977132033817	42.73514967042929	50.51999512975317	67.96475502525396	
1	IRIS_313-11015	-22.70971796976293	-82.22301363261366	44.0436937153406	51.71473092750848	67.19556849236123	
1	IRIS_313-9422	-21.858834751571592	-81.56570936993903	46.524678361505	54.55094315176465	69.89844954990274	
1	IRIS_313-10673	-22.54061617873866	-81.19579883896026	46.279048927888965	53.772286974895394	69.45728503052877	
1	IRIS_313-8864	-22.61185063935748	-80.14734750077658	43.28752183993383	52.54579611128973	67.89669970740815	
1	IRIS_313-11483	-21.915324036994825	-80.94020691467426	43.616495333755076	52.53484635381264	67.57424190169229	
1	IRIS_313-9283	-18.27499240191369	-78.01657935751246	45.76696972051078	53.10979214824078	71.12801170882284	
1	IRIS_313-11214	-23.975450812681306	-84.90227342221546	43.6691801206239	54.22790002052453	70.96546256451188	
1	IRIS_313-11191	-24.482802373606404	-83.61420479876067	47.50228113628805	45.4726519738997	59.38390182132974	
1	IRIS_313-11462	-23.427812334754787	-82.27067312335552	42.51956661892099	47.62766836481164	65.67688051189698	
1	IRIS_313-10963	-22.782032134483643	-80.73944307489583	41.75005704181789	51.75515165447723	66.46150268677079	
1	IRIS_313-10965	-23.834054784709334	-81.59084957543693	41.801937397258456	50.85668513939388	66.04237557560333	
1	IRIS_313-8554	-22.46541086429617	-79.09173324024873	41.06080988420553	48.54515342506456	69.62061730674672	
1	IRIS_313-12141	-23.12195662894758	-84.22700552452059	45.00030739335916	54.57467036077265	67.67925798475292	
1	IRIS_313-10976	-24.121838871207302	-83.52805468621419	46.33453275074097	54.625931810238136	68.86629615139056	
1	IRIS_313-10845	-21.41905582505363	-85.31084833073349	43.799574712053335	56.73134174271724	68.98860652129167	
1	IRIS_313-9661	-23.89615885129162	-82.29296473760856	45.75862777358494	54.66282294057636	68.58284005396251	
1	IRIS_313-8963	-21.499401604303085	-83.16533169574618	42.930603971563485	54.479747135556885	69.0184576585359	
1	IRIS_313-10849	-24.869760587463546	-82.99606719667774	42.82163138424503	51.84048181795943	67.67265585112561	
1	IRIS_313-10981	-20.30535120848275	-82.49941007763043	43.79894863053411	57.886892944329766	67.2236167028241	
1	IRIS_313-10718	-15.751672104840107	-72.6427675984982	46.63866372628744	41.01256152354118	57.79064065445192	
1	IRIS_313-10852	-22.334440400766415	-79.90736195648712	42.474595624681534	51.53457515909567	65.33682024169781	
1	IRIS_313-10979	-21.203810448381883	-82.31148099146561	44.69641930920532	57.97171541802217	67.93822496375282	
1	IRIS_313-10987	-24.496712246715237	-86.1333062717272	44.46334267730525	57.727736551632155	69.82921708208684	
1	IRIS_313-10543	-12.984238564810065	-76.34533837272272	45.191102669764916	58.56368911900813	68.91066431017121	
1	IRIS_313-9449	-24.544603967157556	-82.11016726432906	44.59820153832763	56.62533061344466	68.35186193419081	
1	IRIS_313-11982	-24.24945923056356	-79.41727744829693	42.52195747219269	51.749459511302504	68.46087969325876	
1	IRIS_313-11112	-21.17591279109661	-82.20973261412888	46.30755726077982	57.34634685553075	69.0795848387567	
1	IRIS_313-10869	-26.130573447190066	-82.86886190930083	41.449455057837014	51.88675798950186	72.0131413167228	
1	IRIS_313-11265	-26.473698892011896	-79.18267385887658	43.12348414921682	51.20353785323772	67.41815693629667	
1	IRIS_313-10927	-19.88083113502611	-81.15308267368773	44.109609206679465	56.484242856731875	66.26828072914161	
1	IRIS_313-11272	-22.20650256184088	-81.47049681195074	44.614906200378506	57.09387195463473	67.3599534460103	
1	IRIS_313-10875	-22.97497002777736	-82.40314016551655	46.26636724954791	53.55136596957539	66.05485286308523	
1	IRIS_313-12002	-24.548871223433583	-80.52045547558008	46.27062774321615	50.25688649938355	70.28604444701199	
1	IRIS_313-11277	-21.441294482114213	-82.76741975865392	45.36024677937399	54.81049666104559	66.18971612324437	
1	IRIS_313-11557	-24.25386002161889	-84.53541662717645	47.51202658904869	56.16469658136222	69.82877085203378	
1	IRIS_313-11016	-23.094139422076513	-81.16238530821255	42.40555391018936	51.48762848328176	66.60262078656716	
1	IRIS_313-11017	-22.727351148932716	-80.97108369068175	42.30428439326135	50.93924673456617	67.07020963866991	
1	IRIS_313-11018	-22.80182284000891	-81.17212465498403	44.738569961107046	54.90906784568099	68.1413497155857	
1	IRIS_313-11020	-24.079358701502933	-81.48239456720408	44.87425234856623	54.401978205157256	66.20634038967934	
1	IRIS_313-11458	-21.414631098930023	-81.76140502027607	46.59071950927304	53.5796054453128	66.59840832528972	
1	IRIS_313-11024	-23.83023726759048	-80.75819952396894	47.08841398201383	56.01626484378956	67.74646876459632	
1	IRIS_313-8721	-20.995987280567345	-80.26602731819978	44.93550117584329	50.25222358045633	68.29986162806551	
1	IRIS_313-11027	-25.903350390627946	-81.4104951010353	45.85968780019243	50.76448500279764	64.9124358105045	
1	IRIS_313-11291	-23.161008296256984	-82.15871105908523	42.90343212788803	52.63512117170632	66.4833194657472	
1	IRIS_313-11618	-22.82070412351334	-80.78888184967195	45.25376709429662	55.11583601212538	66.62787179144512	
1	B001	123.13441553067094	-50.26561111114214	28.689648593091757	51.76312352113264	63.19406638131798	
1	B002	175.3642317489265	-37.345965729371784	-2.377164400117204	37.73048035732892	22.01244753484923	
1	B003	88.27055561817572	-57.98288942478542	-56.299935840888025	-4.743955566255523	164.9715629014145	
1	B004	300.35286790478324	-9.61709670968724	-54.162243820693305	-6.567955130367662	-80.15883865723953	
1	B005	293.1137064826148	-8.244749081670676	-47.767454000747975	-9.63798484295305	-78.53261076763921	
1	B008	263.54364409850183	-1.9595422746162376	-30.791259913906046	-6.083733279015354	-95.13035855451157	
1	IRIS_313-10808	-156.346040240016	-202.40055629480244	127.47678317963323	240.83256696795956	-35.71931830817143	
1	CX396	290.99910259845984	-9.374663892841205	-52.439912405701804	-4.559362705880265	-74.59196166550528	
1	IRIS_313-9176	-156.15005752156728	6.009087698800214	5.479078377779174	-58.02461044181964	66.18606222021975	
1	IRIS_313-10853	-167.50627587475225	0.971775937478871	-14.262677311826668	-57.191043225578575	61.842930020252815	
1	IRIS_313-10631	267.6689899860661	-12.570196524337272	-45.40657898959211	-3.1636754759116283	-51.37365125904848	
1	IRIS_313-9123	-184.10049735546417	177.5820580526417	-55.04408318347056	43.748822072500836	38.07666336990055	
1	IRIS_313-10642	296.79651122728745	-9.452134947683955	-51.3978377445383	-14.706951395221758	-81.2965940749928	
1	IRIS_313-11800	284.601818913154	4.25405882917595	-16.616655193495596	11.62587038379502	-47.91210629435793	
1	IRIS_313-9201	-55.78606770258875	-79.67379146126868	-137.90449153800714	-3.2195109427123434	237.22354206038014	
1	IRIS_313-11183	-210.9783573651991	-118.48025401470545	-83.53383328967504	-11.444927574979209	114.43790542213972	
1	IRIS_313-11077	-169.11831400014623	347.32670687204785	-51.549591030484855	61.0888716117874	-44.57391787986773	
1	IRIS_313-10922	-176.25985458851648	279.72457494164416	-35.83682474882677	31.913337217226264	-38.333091264245525	
1	IRIS_313-10228	174.77782154297526	4.552657122479974	56.84627184063788	-2.0839171076953673	87.19039560731285	
1	IRIS_313-9228	295.32296652974327	-8.560103127657605	-45.01878715179027	-7.106380742905941	-73.7461259899896	
1	IRIS_313-9233	252.58721440770074	-13.726903776060274	-28.32462895634786	4.708274664718751	-42.27559607807511	
1	CX330	292.30269073401683	-10.358847549512763	-48.060976482049995	-7.866115001605802	-70.96824656182528	
1	IRIS_313-11788	174.1264384861399	40.5947076326445	79.17109973085901	-11.150895312818012	105.68808255510069	
1	IRIS_313-11651	199.4556153949481	-26.510071865429705	-23.907115618261958	-10.119511580305577	-19.03967049764863	
1	IRIS_313-8884	-203.94996870217904	128.82488098045653	-78.67073234642102	12.331411719511012	-35.7817520570033	
1	B045	284.9869301739827	-1.1280216211232563	-51.20418657304592	-4.669825803027821	-68.03750317293435	
1	B046	293.08498096307716	-6.59524926180474	-55.0799868591299	-5.677208581514419	-70.48181768597418	
1	IRIS_313-10469	292.19483449775606	-2.5161718187213764	-48.875901786981316	-5.764254383933188	-72.56865553803905	
1	IRIS_313-10677	282.2753338243604	-7.944643391742134	-53.99407257062838	-8.92107506198269	-67.21185931682788	
1	IRIS_313-10679	-141.8289600211717	288.99864154625726	-63.7001909123722	49.305022094367274	5.837517992907555	
1	B056	241.3701572898542	-21.236850019701638	31.269719974693597	20.47265189025987	36.8829351493936	
1	B057	248.8957233371766	-7.65715301144904	-8.526689940448971	25.691945654692777	-30.52238718995641	
1	IRIS_313-8637	-77.90675743799093	64.50750398700289	337.4784520561575	-224.3582384416486	17.979159003245314	
1	IRIS_313-9301	-165.73420438043453	-173.81180462983258	102.39024338550107	183.9701236216776	-1.3643796369866634	
1	IRIS_313-10689	-139.4957240817248	-209.99429945048144	134.13767715612954	232.7374703628975	-51.79238795682434	
1	IRIS_313-12217	250.8468075550109	3.868648444240059	-2.238356542031588	-4.227359775428151	-25.055780164022526	
1	IRIS_313-10693	-152.45421518686007	-200.61513725164107	133.67665928245086	238.9082155892044	-56.95401658828719	
1	B066	192.48628011744614	36.99346551508884	58.536531083152894	-18.37647203638249	82.9779945265948	
1	IRIS_313-12341	-156.45058120456073	347.94518345172787	-54.33308100204757	60.9574741416685	-46.00357425561224	
1	B068	243.32541026604017	6.118647694934824	22.950241135228477	11.151128952232922	25.940977419564256	
1	B069	70.12763444791135	-47.84139812556113	-16.343876648154144	60.2189571508909	175.51354399539076	
1	B070	118.78886458610154	-16.98749895887086	-73.79496662768297	28.527338337309274	138.55667122648137	
1	B071	182.81486338030777	-40.872028740960396	30.04455315515403	46.41288055559787	71.15922248984113	
1	IRIS_313-10703	-196.97226746649145	-178.80412976155043	-4.539760623846909	-73.83553181098198	-45.96749320795238	
1	IRIS_313-10704	-187.41329862449405	-181.6096409131682	-16.104040753712525	-100.91764268758098	-46.33593714443072	
1	B077	166.3056634187041	-27.584323617324937	46.5283489220703	46.24014979566126	70.2273418842088	
1	IRIS_313-7876	-174.05136860776148	-203.21522751367513	-52.245447441478284	-68.13479551425738	-17.780292037208795	
1	IRIS_313-9375	-197.66179584447062	-172.5137146488473	-77.7101771190647	-79.66860306738901	-15.363242531578528	
1	IRIS_313-9379	251.80773704457408	-5.765982853337099	-21.15309098776283	-14.109116223049199	-40.24647548587462	
1	IRIS_313-11829	292.7254728603076	-4.256996002538541	-44.533338047548675	-13.775419002790775	-64.87930170598028	
1	IRIS_313-11831	-144.66259075657834	274.2210922031071	-30.084198924601317	52.110686511162015	-3.493018377149202	
1	IRIS_313-11832	-212.45750068730342	122.51423848706793	-94.00852626300124	14.39937608427689	-32.57882868190041	
1	IRIS_313-11834	-192.38126473745785	177.02087672855149	-52.053611878535925	21.252868375897833	-2.5113377156400256	
1	IRIS_313-10722	-198.12851069875012	-152.09542025795892	-43.85516549053393	-18.906842420708927	-35.41690953905962	
1	CX248	-211.01771608839576	-177.0612436707524	-71.6792956678191	-85.43187286922559	6.500047215718222	
1	IRIS_313-9405	-99.84178101824328	-195.579750884434	101.26342798816103	190.83246644680324	-6.623964263704126	
1	B100	179.7566601094799	25.92280927740617	54.43135862998826	-20.171023151505665	86.81996536016844	
1	B102	153.79031083870447	43.73733743635786	16.70847446221813	3.8262789702304705	14.750326850269271	
1	B103	96.29361188150487	-35.10545115571912	78.37324750090805	40.66895786095715	146.92768835175082	
1	IRIS_313-11846	-132.5324644523818	116.73764065662733	-21.648815095512052	59.437425929210086	58.247378962173094	
1	IRIS_313-10916	121.2873547388766	-72.68880454112107	-33.82532075831712	-10.630824484008466	-33.46404659126345	
1	IRIS_313-12351	-155.1771850414731	334.03372493628257	-31.77759945527532	51.83717781655069	-36.358048003608864	
1	B109	113.22362617235635	25.43364753793353	97.30984998646053	-53.93866342394706	80.9213367033129	
1	B110	132.83785828148854	-2.3496327347757804	84.12635028641364	24.396378223945902	114.18657077178084	
1	B111	146.38426025453057	8.884570927053849	77.16819283294116	13.960951230934773	103.03696541466358	
1	IRIS_313-10741	-165.0098708571799	-195.16938038768333	122.31357459747441	181.79410964393088	-39.99314128808646	
1	IRIS_313-7883	-143.92665095740563	-193.96030487989017	-21.062798448123587	-53.27538495134509	2.0045614000995657	
1	IRIS_313-7885	-153.3125603964953	-170.83824293709532	12.207706812764634	-32.34822648397112	67.73711716299012	
1	IRIS_313-10744	-175.36435601912294	-178.08371215467557	96.77777533088361	203.76241151153474	-18.611799636132123	
1	IRIS_313-9470	-208.78704346334246	-172.48642400927562	-60.16845101608826	-81.50165581351787	-40.4575577957535	
1	B122	254.48200243801418	-39.492790715197344	-36.811604644347184	19.079275205017797	-54.35845990538253	
1	CX129	-86.47788793520539	-170.00680259816184	94.52060623403987	206.20113817781052	24.543725624024933	
1	IRIS_313-11875	226.754864659924	-40.28444798501512	-59.31645591128798	-3.6338295862336096	-9.656910169388555	
1	IRIS_313-9529	-67.5775976026669	96.5675003286241	361.1663616479129	-234.10808005646845	23.28978073328893	
1	IRIS_313-10759	-136.2635131445516	-185.30979364271337	116.2063985254988	201.74030284949853	-19.092936690225656	
1	IRIS_313-10761	-137.4959135266459	-203.82424254643578	131.90891581973605	230.31225241585355	-43.42595931114261	
1	B134	-0.5292416881399723	116.77098299338797	47.622545465177026	42.62935898237279	10.040809785127436	
1	IRIS_313-10765	-112.40035629812894	-201.8643139398521	121.6243565081654	239.60007676104098	-16.197345458374947	
1	B136	149.83741804035463	58.86014041266658	87.28552284929768	-59.42827924700134	89.72677378425833	
1	IRIS_313-10767	-145.81470881170029	-200.63571830109453	141.71901239732222	238.23388687153175	-57.20657846497308	
1	IRIS_313-9558	-183.54736173393408	-189.3872642895548	-34.373001840901466	-82.04283965463311	-66.20496111509335	
1	IRIS_313-10770	-170.48023191248254	-192.826110508303	133.00175733135046	201.54249322898443	-57.120142976779924	
1	IRIS_313-9568	-193.71823596416868	-174.3596815018649	-51.120396508094146	-98.07823837305318	-107.09796124226949	
1	IRIS_313-8140	240.4322739594601	-38.91060737318602	-57.723583955954894	-1.452207918831121	-4.8807143556431365	
1	IRIS_313-11075	-0.528546016492284	140.22211347645623	20.13440693994584	22.647012760666314	68.84087959591933	
1	IRIS_313-11897	-167.22328936498624	322.88527878625325	-49.34125276260172	49.821643552384245	-32.297628536453544	
1	B148	136.16117857379305	34.890590893331286	97.92268852085982	-42.62212511421134	96.54158426127698	
1	IRIS_313-10780	-105.38435011694723	-197.00959893328593	104.98292663482023	198.81492857735526	-7.169532286818145	
1	IRIS_313-10781	-127.17703710291497	-211.42590836173486	111.69436059846223	246.3104758901915	13.966846058031887	
1	B154	138.45460238192186	-53.63586404896521	14.732044112751014	54.12003723390572	75.48179869014494	
1	IRIS_313-11311	-98.21070779175834	-196.04428320857622	104.00027873070984	193.3133584351856	-6.5407597690146915	
1	IRIS_313-11908	213.20029828326378	6.4257566775398764	78.3500395865497	7.984439256258062	70.05603449496382	
1	IRIS_313-10789	-141.7263363770034	-198.5680388956058	133.672558048631	248.30576006708793	-45.77095964741487	
1	B160	298.4917204471554	-6.416309752780301	-50.47895192470711	-10.165737283697332	-81.27570709591343	
1	B161	190.32022728247776	5.293096027609334	21.928144118816373	9.991896979744956	35.93935165575535	
1	B162	253.40281986467636	-11.655929246461156	36.95290138812701	22.35213674580119	31.30429863444344	
1	IRIS_313-10793	-224.61445223790864	-126.31316729276797	-75.03800982243672	-13.741290044364533	82.60200095729692	
1	IRIS_313-10794	-210.43632385953208	-102.78412132845929	-91.22339023201707	-31.211302020283654	73.03212054553374	
1	B167	278.9643295172756	0.37434311247714047	-45.13756901708564	-12.623915864587277	-54.53480101070474	
1	B168	143.43148295931533	-49.92304720465144	-57.98417351660929	9.585210152789225	119.86156330767645	
1	IRIS_313-10801	-100.03726438805053	-184.59252884882167	104.48275291212931	207.47629975881887	4.906698739276294	
1	IRIS_313-11922	-82.22202018454807	254.67999435504746	22.339828348570624	11.414142390024212	-0.08635200649129925	
1	IRIS_313-11329	-171.16485924157791	-176.12763353690357	-36.34249113860742	-102.37221919373573	-108.01246664369886	
1	IRIS_313-11924	-127.4638191163979	309.94727517377765	-34.363526345725475	31.382231855351836	-22.20884067422898	
1	IRIS_313-10805	-150.35344488772293	-207.71099772802555	121.10484949869166	256.06160020596855	-23.118173092242458	
1	IRIS_313-9691	-191.32727779584783	-183.36100259232782	-60.2999283079527	-80.54467697191636	-69.09005749604104	
1	B182	277.88004330059226	-0.45758716233898206	-41.43941684711527	-7.286057697329559	-52.799102423288545	
1	IRIS_313-11928	-215.58594650749097	-187.3688823932469	-67.67866412533165	-55.486480965429266	-13.082054851391167	
1	IRIS_313-11337	-196.98000884496324	-206.17104844350376	-51.21420098673694	-82.71754714937346	-78.3596179247856	
1	IRIS_313-9698	283.50631638489426	-8.893557668106338	-40.36903356178839	-13.818908960074381	-67.32302128444327	
1	IRIS_313-11571	225.85340576038686	-21.464066415048336	38.25493558702463	36.582417430968704	49.56667449856123	
1	IRIS_313-10815	-136.55079068069358	-198.23294422602953	135.80602569258127	228.35010726191888	-53.482799188939154	
1	IRIS_313-10840	264.6419431423249	-1.1683278840051288	-32.875903945780095	-5.147597850722103	-43.38239652362455	
1	IRIS_313-8400	-49.42880450541193	-99.44190052883968	-140.22780270597548	-1.9391885712995505	273.4139490050192	
1	IRIS_313-9724	246.5379141375127	-9.079719669190936	33.332218135862995	37.75412450637313	30.22052838461216	
1	IRIS_313-9725	247.8615722173145	-17.109199396476775	27.579229437298938	12.763844693044703	41.13743748758972	
1	IRIS_313-10827	-206.9688259645713	-172.09219626337563	-86.44269584250928	-81.40656615167255	-38.25237777095862	
1	IRIS_313-10828	-188.0059869402924	-191.2899846273158	-71.56711561293004	-48.07258050189442	11.709127474846536	
1	B204	216.59158621945042	0.8548720866907622	23.582548847951536	-1.8571053193683382	29.740784598667837	
1	B205	53.09027079270018	27.340738965728477	-4.525029253823589	4.48523093214477	98.77961220999322	
1	IRIS_313-10831	-208.658702184275	-204.50169620140315	-50.42168064960451	-73.4822101837805	-59.58099934216722	
1	IRIS_313-9769	182.72290986725895	-32.59602499604843	-57.32586870877953	-5.353616886249617	12.07022261454514	
1	B212	186.487458395125	2.8278986091229226	48.9949611724047	-14.4319556409329	67.06452674652465	
1	B215	252.9589079877063	-8.064240470094052	31.15334904741139	4.579889318283523	23.642123570064772	
1	IRIS_313-10838	264.1773287081602	-0.5285438432451631	-22.712422239532618	-1.9894454881810977	-43.50375682484346	
1	IRIS_313-10839	273.6618566373964	-12.142655522492621	-43.48614474461271	-5.427695827736084	-74.11649634078196	
1	B218	233.060111765673	13.447399538339832	-0.855537504698192	-0.5100767451905046	13.06549434564403	
1	B223	107.06515115914716	36.6082273740989	64.49223775886662	-2.5532314914157306	65.09120319738119	
1	IRIS_313-9800	-88.43897468635713	-114.80791570255973	-137.00867854502837	8.390903108872722	281.0522291211046	
1	B225	193.68740441124538	35.05603122771384	71.81942156004321	-20.140273509389402	77.39951200908756	
1	B226	237.23561456596272	2.8029375381320802	22.38967045266123	-4.5865027509088865	20.953220141412455	
1	IRIS_313-8162	288.44075665306093	-5.497544079310714	-51.57250377842064	-13.723739862753018	-68.82009121102122	
1	B228	33.46176605486992	97.22485977583442	2.563184879097365	-11.106216741228915	-11.030016184833018	
1	IRIS_313-11971	-137.66790136783607	-173.4784596807059	129.06922964873016	235.07645337015654	-54.75620086321667	
1	B230	132.03942939647752	-5.458655930956745	63.70927580376426	-18.109055905930173	75.41998873657211	
1	CX212	217.26398949373143	-28.617117717412807	-11.126696516589925	19.377777868689193	-12.97895929455879	
1	IRIS_313-10848	-78.07867898702432	89.64503855642235	216.4761865578256	-136.97031354375522	15.326453893638533	
1	B235	280.94072250577756	-15.715053384543642	-49.87645528504772	-1.3121181234398835	-58.38715962376663	
1	B236	270.88716844318736	-17.8079029234069	-44.23084864796253	-8.149432913720805	-63.14284055963085	
1	IRIS_313-10862	-157.18928477245376	-1.8410863229376586	-4.779759133371822	-50.98219978809184	66.48809912172537	
1	B240	281.08130626602787	-22.112473232444014	-8.261372563302789	3.6355579536063005	-14.70867702568792	
1	B241	-95.14417979114229	193.70931287988768	95.02957369400481	-64.60844079434038	8.960680634623984	
1	IRIS_313-10865	-87.13254202841466	47.84254811456898	142.32403241859	-73.46854277104713	72.60133951291532	
1	IRIS_313-10866	-125.90055359384206	82.86116806585166	82.67053121700597	-81.69535239762737	29.684975927083567	
1	IRIS_313-9884	287.8264493815353	-6.366664870626325	-45.042258523681895	-10.236556481263488	-67.5300115672471	
1	IRIS_313-9886	255.73166266660826	11.160518777411884	5.6139195624549645	-10.347623446382192	-19.612977578291712	
1	IRIS_313-9887	260.67015588838785	-3.857318234552773	-15.029509211952934	-13.06154111763875	-34.10500473883294	
1	IRIS_313-9890	217.6556474559846	-40.853542894991	-13.795434133148447	-4.5688382283569515	-17.238182242914448	
1	IRIS_313-9891	289.2230587325782	-23.28339278859348	-26.660300513073828	-9.172982432232223	-37.0554583290271	
1	B250	278.835309237494	-6.49325507868486	-37.979915514339346	-6.968279986114196	-62.5760677593803	
1	IRIS_313-10874	-139.53598651005328	119.05413874201756	28.689259324910847	-33.450116065934	64.90371911933627	
1	IRIS_313-11994	-191.99412379666563	-180.68488784564408	-70.88270895496774	-68.95006027585829	-34.8820241268065	
1	IRIS_313-11995	-185.33310851493272	-187.44693774589035	-48.07919991237879	-79.80591715473214	-73.3238705999286	
1	B258	206.84508538335817	-7.644441470543681	14.780218181346822	3.2661343094958672	21.197873468247888	
1	IRIS_313-11328	-193.03322325124503	-185.5278698424226	-41.12449536976342	-98.22010019905007	-147.43440580101046	
1	B263	293.99394617085824	-5.651465449107179	-47.93556172867668	-2.3007061293947015	-75.50465204752004	
1	IRIS_313-12003	260.4039974568673	-9.566806993216884	-4.620479870150837	-1.9168013946600484	-6.369088275493444	
1	IRIS_313-10884	-154.3999101082031	112.67056108509097	138.02363972744482	-74.66611933423357	-3.5461334078470172	
1	B266	-98.94524312889382	224.25244807009915	-17.55792796000942	23.53150043545779	-5.977338431573493	
1	IRIS_313-12006	-201.56492371691613	-180.79190815288615	-39.87322896609149	-58.842277216809315	-96.51212089494557	
1	B269	295.2868182716472	-8.544273936590313	-44.654907848561955	-7.629322635402183	-77.71250212975903	
1	IRIS_313-10889	-124.72389956032634	110.40599209519003	110.93554395060366	-66.943475345299	40.41655446821455	
1	IRIS_313-10890	-156.29707201231997	208.94131811409414	43.232217192027065	-43.03320674356958	-44.72507982802904	
1	IRIS_313-8279	-185.899370663685	-171.59609466571763	-19.367031210614964	-98.94678365822516	-38.42034137057205	
1	IRIS_313-10893	-157.9974257814134	146.57434854495457	63.25183727353584	-70.54711157372745	-32.38494507328846	
1	IRIS_313-10766	-134.72749921046906	-196.3227663377781	140.66075264303072	233.90469382049776	-48.212121459261105	
1	IRIS_313-10895	-193.89397800281094	82.66554122155532	26.071267246616884	-66.1534664833575	26.832562873718196	
1	IRIS_313-9974	258.97367010920345	-4.302193991642888	-14.52460969794216	-15.267899606877368	-36.92949038601412	
1	IRIS_313-9996	286.6981194036143	-5.389566279104687	-55.5460379854179	-14.647906939652911	-68.66271585797335	
1	IRIS_313-10074	-71.02568999198202	-124.83100692642113	-146.1805131923842	1.131393824760528	294.4844142388867	
1	IRIS_313-12144	-189.90488697236768	-204.58887379935103	-33.28022953007453	-47.07267827410872	-95.7774651154083	
1	IRIS_313-12045	-203.74040790063756	-162.80960500836736	-62.04690910614573	-65.72292990121085	-78.1260223408782	
1	IRIS_313-8381	-195.48564368758232	-180.54733675878367	-11.558670612837682	-83.41450419479746	-62.442613305228996	
1	IRIS_313-12051	-190.74793915233363	-201.80964291154152	-48.14898142182749	-86.11254052274361	-75.33927724007631	
1	IRIS_313-10923	-165.17743876315757	343.79298363728105	-63.0803522150408	57.84607550920949	-40.92688482916859	
1	IRIS_313-12059	196.92253573755238	-6.2182986906287345	49.33591923934088	-25.4213405507971	41.69894375100096	
1	IRIS_313-10059	275.9864755828054	-8.55767217380543	-45.92591561977397	-12.728301227375997	-59.306602773596836	
1	IRIS_313-12061	202.08213735367266	-4.743382330456099	50.406783474018184	-64.8530739945549	25.389446686942996	
1	IRIS_313-11464	-204.4914541126833	-208.14013599322087	-33.85941935497233	-73.9543977883015	-79.58377879987425	
1	IRIS_313-10092	273.5114818255098	-14.582680219250133	-33.28125558124015	0.295906083559452	-57.77656306799073	
1	IRIS_313-10067	-74.38970463492156	-106.36170507157986	-139.4614414030139	-5.014530878291906	274.14600329787555	
1	IRIS_313-10073	-102.71418148189296	-124.14418389275541	-145.99438139885453	6.846803245723339	295.1948311106629	
1	IRIS_313-11473	-157.45164564380264	-197.07485518708427	-67.36755609272754	-49.609850705076724	82.43328944747454	
1	IRIS_313-12070	-191.21933894655604	-178.94862002537806	-14.923370800889339	-96.35949674150272	-47.81281232970821	
1	IRIS_313-12071	-123.12450034633154	301.56321896905035	-19.53271584301879	27.642801221812643	-13.254715464067875	
1	IRIS_313-10078	-75.39474348505283	-106.63390246762101	-140.62289554170536	-6.0462791053956995	275.27575709613785	
1	IRIS_313-10080	-101.9412194510663	-122.23891427093909	-145.9266306150563	3.773685785531067	289.8949908806954	
1	IRIS_313-10946	-206.05989751993414	-118.5593833154734	-56.5081217753806	-60.82599680500497	-12.925860149045013	
1	IRIS_313-10949	-189.56051262875792	-160.81144880716772	-8.969060066849238	-104.78682844379264	-40.35081794922626	
1	IRIS_313-10094	-71.79266380690134	-109.24939011294614	-124.48758338650137	6.124816304341911	280.75767023213666	
1	IRIS_313-10096	88.92269376891853	-39.389953610666936	-82.88904204434141	14.472323379063742	162.81779731668172	
1	IRIS_313-10097	268.32134106295507	-4.5059206284198074	-8.423016310090667	-25.452382008184546	-44.621725578378246	
1	IRIS_313-11984	212.45237716877796	18.011225008328445	85.34721939227408	9.96692061806904	83.55494321169682	
1	IRIS_313-8481	282.47749040087274	-5.74822813998939	-53.258618999008284	-12.092075133905825	-66.12334769771921	
1	IRIS_313-11494	-201.48922767566944	98.13041820880966	82.8510893877144	-45.19668951444464	-39.247615780355446	
1	IRIS_313-8486	-65.10757096407944	101.51605259184454	383.321957490194	-243.57012942227388	30.255922115355993	
1	IRIS_313-11496	-97.22442063609424	-190.51814175977597	91.58985770218096	196.145348554945	24.995920579310987	
1	IRIS_313-10959	-171.50431295806348	-163.85339485626125	-27.08139409151376	-66.94436974992693	30.966316243666032	
1	IRIS_313-10960	-217.95863105411465	-150.76137833341772	-76.51527884621937	-61.95614729176564	-40.437852143314316	
1	IRIS_313-10124	239.64191785198315	2.898443670525403	9.593163846152125	-4.469861246657465	23.376466019717103	
1	IRIS_313-8519	-67.09011655073085	88.43909020419949	342.0255061414204	-222.41718257038664	17.24690668227198	
1	IRIS_313-10867	-174.91643780601052	144.5533385087678	20.81105646798195	-37.87603680918725	-3.565338900662417	
1	IRIS_313-12134	-185.53865247001806	240.26350690845936	-58.78025659818736	23.030847584380847	-36.798869984019575	
1	IRIS_313-11511	-164.89442593390956	-177.69568248077087	-75.58719593395368	-45.72684119404391	50.969217666692174	
1	IRIS_313-8565	-133.72623493315245	256.0789962842082	-19.949971752821924	67.85149700733527	16.995228140019588	
1	B245	24.385408792545295	168.00031999788033	42.0051453047326	24.923855020197493	27.160643934562263	
1	IRIS_313-8572	-167.470425164057	-188.83139471228458	-74.83991975790555	-48.7171270287772	65.96796027443038	
1	IRIS_313-8578	-168.6022685081504	306.88569931894017	-47.34686926102218	38.2513009299541	-18.682905711117495	
1	IRIS_313-8580	-118.10610550165299	213.9825227468852	103.75778584661502	-46.280695959059884	12.026301767127524	
1	IRIS_313-11653	240.9026664824945	-8.616500585538297	-50.11503258551248	-8.264100527504237	-45.20177489412496	
1	IRIS_313-11900	-160.37407093166252	370.8937626714102	-61.02054930814403	66.93461711310498	-44.782274234441786	
1	IRIS_313-11495	-186.92939868806548	-175.403488374725	-60.03621447902616	-18.046479962738776	35.54165076086548	
1	IRIS_313-10837	240.64038440338015	-15.551624466175749	-25.0494644024006	-2.841592730507741	-41.97703768855691	
1	IRIS_313-10870	-167.03215610478753	56.32689516445251	72.63806867884063	-101.44319109751335	-18.43104182150616	
1	IRIS_313-12108	-192.68834805867527	-186.06916077816788	-41.55943612795528	-77.19688278605958	-133.6299513333758	
1	IRIS_313-8626	-189.35415555217506	-186.415561381671	-27.25630936880514	-84.80584894936653	-117.39196573320078	
1	IRIS_313-11045	-219.53851554471962	-177.75543128525143	-75.38072355119087	-49.18720086254742	-51.86310717196212	
1	IRIS_313-12200	-110.71203033762664	302.11032215904515	-30.2779699845624	40.52192202537052	17.04543023271705	
1	IRIS_313-10994	-172.86324631543548	-193.660477932368	69.36583698096791	106.95435759161242	-47.62301560212813	
1	CX116	276.79523046751467	-8.293610718471701	-55.8542276227859	-0.2955077659745797	-74.20892226398215	
1	B196	-63.14685746851894	-100.65205683838582	-128.2557043775929	-12.537337716732578	262.44468736611424	
1	IRIS_313-10999	-194.9332544774823	-178.72607684422968	-85.87109536141385	-78.00317588452512	20.854561481613985	
1	IRIS_313-12226	-182.43197801928918	333.8108708069308	-43.4919668983478	50.61662175176691	-42.55489699145742	
1	IRIS_313-12227	-165.79182351171983	265.62433779452635	-36.13974779199716	25.913188550685817	-33.11752085957804	
1	IRIS_313-12228	-175.1086551090245	319.4569746093823	-38.49970312941772	34.28227839076983	-42.81837552382094	
1	IRIS_313-11007	-144.6880043020706	-202.60455595897486	120.08199953125468	252.0457839147553	-19.262051117274282	
1	IRIS_313-11008	-132.57280923063783	-175.067011400828	46.11398298980595	54.25038780505518	-25.84524447357305	
1	IRIS_313-11009	-177.69587781428535	-192.89661249334594	-21.03411808211112	-44.2258398464651	-51.66363436183831	
1	CX140	303.03173881568074	-7.755299760122879	-52.38225422702037	-12.180969285520497	-78.9036053408601	
1	IRIS_313-12242	-152.2904615072956	312.2676465248251	-50.03648122883296	59.28711902870178	-17.459168274765204	
1	IRIS_313-11973	241.27419630734403	-20.22405170098817	-3.757578822921414	-7.0653804169460965	-2.9655628816630863	
1	IRIS_313-8690	160.64787911074924	33.14301989699263	72.4015204387011	0.19451415395981642	85.93257416206278	
1	IRIS_313-11574	252.9004293397959	-10.977935758627005	33.478177345082514	32.50797137378621	27.942285343561153	
1	IRIS_313-12252	-182.12503896072246	230.51941884060187	-59.3983539290244	19.949411341107904	-38.37538975128372	
1	IRIS_313-10564	284.21967495062944	-1.65612334544922	-37.92037507570033	-10.440115228088915	-67.29155245325542	
1	IRIS_313-12258	-140.77623869683143	303.5742723529078	-53.752919569701476	48.88978019835286	-0.6082307986374749	
1	IRIS_313-12129	-192.12317046548347	302.2666370948999	-56.832419728289445	27.464201592176174	-15.255918471611166	
1	IRIS_313-11582	240.1203709955061	-12.311934374509157	35.60952524166183	33.81831094736454	48.23059877128006	
1	IRIS_313-12262	-132.2125494017204	314.73101895080185	-39.68545289074717	58.00708108876777	15.04630670561709	
1	IRIS_313-12265	-168.0504085360989	315.76731297949306	-40.932142642785564	34.98835618027723	-26.559833905586146	
1	IRIS_313-8735	161.75071397297967	24.044140822851	64.77045415012991	0.08989548721121504	101.13557931673645	
1	IRIS_313-12272	-178.89135432934324	-177.33481648879484	-33.920264266814435	-63.59145556116562	-59.82353234178306	
1	IRIS_313-10798	-194.48513156913833	-197.48627512000297	-46.91672838240877	-55.44906420806207	-5.613966229780299	
1	IRIS_313-10453	26.41979815291988	-42.827370849432405	-112.90412386551586	-2.6439531119840387	215.02881417979935	
1	IRIS_313-11044	-118.15877257747172	-163.45555474129296	2.6316647371509823	-23.285217709532947	10.29762274059413	
1	IRIS_313-12285	-213.87604433277	-177.6566138520018	-58.33479044282172	-101.82767544465104	-110.03981757902756	
1	IRIS_313-11611	-196.88258585554865	-153.9459452599241	-47.06721941206571	-53.297480531110466	-93.14916861471396	
1	IRIS_313-8883	154.71099200780134	23.135281463724194	68.39584502457917	8.256131009019358	105.73256898554759	
1	IRIS_313-12289	-141.4394189798508	228.19271663195596	35.605227901137596	-10.893811049324484	5.284285349587639	
1	CX151	-206.80911351128458	-183.18793515351575	-82.85527172645698	-76.07840685365798	-17.515948074615473	
1	IRIS_313-10886	-163.25009446632134	158.1531117250804	12.226638977542445	-25.165457831040186	9.550149984265161	
1	IRIS_313-12299	-175.04850354830876	266.0269534241684	-55.51153971613827	12.010529802200018	-0.6217680525991698	
1	IRIS_313-11623	-181.4214606996405	241.47653648894112	23.56432202537132	-4.004959461468921	-16.903928135397646	
1	IRIS_313-11913	-186.36686833701808	-197.13980573815806	-41.94396664145217	-76.78974781633225	-59.3004614155603	
1	IRIS_313-12307	-143.0837490795725	321.2718981146124	-24.377853725984902	40.070302162001234	-34.992260925480714	
1	IRIS_313-8815	-55.11098152701201	82.22906965414623	361.22621792092735	-239.65429652350844	24.496336504642766	
1	IRIS_313-12312	-149.190241279737	337.0789692462713	-80.04893182454933	57.99709543004431	-1.5231765156604244	
1	IRIS_313-12313	-154.92727051720206	274.86211943160424	-4.687371008650206	6.647474112693291	0.02141467863026439	
1	IRIS_313-10430	296.45206724091355	-6.394535439925465	-50.07361097527051	-9.530198619137849	-75.55315872358771	
1	IRIS_313-12321	-200.36268164417572	249.9394997201588	-38.145223949758496	30.445012385874886	-31.779981540450535	
1	IRIS_313-12322	-169.91701010474813	342.7139203522057	-89.79032476821502	65.56263151315865	-14.40142150462083	
1	IRIS_313-12323	-155.14294542960536	340.5396038297113	-51.499282663569545	43.61243153239828	-30.944358636304187	
1	IRIS_313-8857	-60.22358404018257	99.6419772803889	378.55702528052575	-249.63270118523386	24.05146249869403	
1	IRIS_313-11073	-72.76426115199497	241.76639445381994	18.70485442693154	18.776138042696584	12.025535973924471	
1	IRIS_313-12330	-174.14098272098258	313.37619142748486	-15.322259597722775	48.84059719758995	-38.75557054405747	
1	IRIS_313-11575	212.65858490199616	-0.5058025586129539	48.72976869473996	-2.0138065056613077	62.79631356990797	
1	IRIS_313-12336	-145.01702318950782	301.0525266993565	-12.930785381664265	28.814940734136023	-27.400054773778596	
1	IRIS_313-12337	-152.04167182863597	306.79488198176375	-20.36920414340795	40.82502881169601	-22.722728787952796	
1	IRIS_313-12340	-140.84910857129196	316.92623164477425	-35.14894322051681	48.702403326228016	-33.27699301646351	
1	IRIS_313-11652	253.49121253196068	-17.108026512521047	29.400161489413225	12.586089143248087	36.09671897143125	
1	IRIS_313-12342	-142.69413741267596	291.1983072960577	-63.016964691667674	47.61954024991434	3.9957710051463566	
1	IRIS_313-11654	219.11797726503087	-23.104670690967797	-34.89430270526328	4.693361642760734	-33.46292696148561	
1	IRIS_313-11655	141.52641117666926	-12.868565920016144	24.746700659749916	2.588062809340235	12.204699854019584	
1	IRIS_313-12346	-176.27786081231213	338.0858103508881	-56.286809711721645	52.97245977729352	-37.95147405685184	
1	IRIS_313-8894	-202.24960477174128	-150.971248942151	-67.68397170074698	-71.95207724354219	-78.48407586311286	
1	IRIS_313-12348	-150.8509942621755	293.978973521235	-35.953070928599146	44.44084628945264	-27.501496159168052	
1	IRIS_313-12349	-163.22123821787508	303.98805912609123	-35.98471414964459	38.71912663697703	-30.968562768208734	
1	IRIS_313-12350	-162.0733332132964	308.8781554451182	-65.52569191519078	40.02772956027094	-3.4963891362821053	
1	IRIS_313-11661	246.51115478713643	-34.49504663657515	-51.921085807927646	-9.856582060604392	-20.44886175094949	
1	IRIS_313-12352	-121.70770479073381	279.82424109268294	-31.58679930827423	34.36329639038296	20.899959499220987	
1	IRIS_313-12353	-120.80941852534491	296.2198878660969	-20.950054399444582	32.63603986593387	-9.037765967619055	
1	IRIS_313-10888	-186.61862726262876	155.75218652845206	18.56488597934431	-19.117890594813737	-10.437272249778411	
1	IRIS_313-11094	-187.7005537353284	284.9356555455379	-62.803100086110966	6.1653747469434546	-10.705398998896044	
1	IRIS_313-11522	155.3374550986961	8.026478585556678	93.87965409939866	-67.40836790120271	86.93525657769898	
1	IRIS_313-11672	267.7451643409723	-11.798985470554321	-37.171897751515885	-3.158575302055686	-63.727477284728714	
1	IRIS_313-11673	-204.02926302764521	-206.0337674314429	-53.16626136705903	-89.69380869224423	-70.63119639505197	
1	IRIS_313-15904	271.3140005362865	-36.53646559289392	-35.69682242213549	18.681278959304734	-57.03910360906175	
1	IRIS_313-8955	-183.39555904759672	-177.03249942107206	-50.22777662717079	-112.51707197229787	-126.66145368684732	
1	CX315	234.8702282915477	-15.74388375354479	37.97555569662481	16.499867160398594	31.889159880359742	
1	IRIS_313-10802	-156.95951603483374	-197.78235230043325	136.17682485977647	244.47363754268133	-45.67902821000147	
1	IRIS_313-11689	306.14778355152686	-8.958462159873244	-49.73825846234834	-11.020681661921413	-76.50804409075786	
1	IRIS_313-11691	-75.0485403870849	65.33473220206642	351.91748867142593	-236.95453494115438	26.573999378117623	
1	IRIS_313-10656	-183.5908271489935	261.8538816674515	-63.967408079529854	29.81539342296747	-19.958220784157916	
1	IRIS_313-8998	-214.5033814849197	-159.60287639513754	-62.17059974590695	-60.23371036008396	-58.99257420936328	
1	IRIS_313-8999	-106.04710731002015	64.1873069932004	194.1959661527458	-155.72854359985038	-28.91364616143851	
1	IRIS_313-12060	155.9557606695306	10.351801225623042	95.1422210626676	-71.56774472866276	84.31724989332962	
1	IRIS_313-10559	252.04345917430345	-14.052754196572618	35.59758607058109	25.344462122513743	28.776665155704517	
1	IRIS_313-12164	-223.05706616169158	-42.59724174743429	-57.503144910777195	-0.40910928225220544	-23.596224430526846	
1	IRIS_313-12068	-206.6874474789175	-173.3946041431824	-54.0668667276714	-90.80520683336917	-78.05411481700742	
1	IRIS_313-9050	-189.79370984419793	-190.73321013080374	-47.63543030391545	-102.98035966277493	-87.53820287027648	
1	CX306	265.438863535605	-18.033957376836636	-19.730490287549173	-7.555487995932633	-27.354224195202097	
1	IRIS_313-10437	295.181445318655	-11.802407212248863	-49.932444637850004	-8.971650173975638	-73.89522449023089	
1	IRIS_313-10567	276.9723554078488	-5.622248105042177	-42.06588369087915	-4.4716493268507875	-68.21508485169288	
1	IRIS_313-8599	-147.28715328011666	237.36392453500315	-0.07902895888729145	6.926322942806255	-5.5262102834623565	
1	IRIS_313-10569	282.2675612304228	-8.525901156101689	-44.45550153160272	-4.261984414033573	-71.4060453532082	
1	IRIS_313-10570	283.9623891530273	-11.08401191324043	-49.14583659698967	-6.0417842731565985	-65.36393639032603	
1	IRIS_313-11892	-196.82142275457772	205.4416466046973	-20.004740414984397	17.549314190707744	-18.179198663788124	
1	IRIS_313-10440	173.83194436696272	39.697856562574074	78.90124569733696	-10.490159506504513	105.2339074783702	
1	IRIS_313-9081	255.08309161982845	-17.165754588853126	-25.745417405768386	2.0645866073466257	-41.78290443477957	
1	IRIS_313-11851	-167.8615921089576	-194.13604688961973	-65.55848397331482	-37.605592056551494	59.2041469054847	
1	IRIS_313-10577	-175.63186047730196	-206.91808820533373	-64.80806031211173	-43.69330564204076	70.57814265929171	
1	IRIS_313-10578	-207.34917456583077	-184.09103227677718	-76.63993353564457	-79.0534281891449	-42.73976177636873	
1	B183	278.8099797954213	-11.101611318119096	-47.49368764066504	0.6587104596167906	-60.774172372724216	
1	IRIS_313-10582	-168.90681415199833	-196.44835904595377	-70.10592244559741	-49.92215134740665	72.4100149638334	
1	IRIS_313-9048	-79.78850997498907	64.29646103090529	361.56659984559536	-223.80457643562073	25.854172592340586	
1	IRIS_313-10568	288.49143782351007	-8.320168408724662	-48.40398633845597	-5.419498858860576	-78.4730380862738	
1	IRIS_313-11736	-204.74365092703178	-197.74077261984888	-32.52393888844857	-119.36790311770815	-22.456163852228027	
1	IRIS_313-11929	-192.17910896567912	-196.87209489807898	-58.31236238479891	-69.76746694510511	-66.23856778480656	
1	IRIS_313-8356	-181.36375752497815	-194.38452045067717	-79.37876443136902	-44.60689170647903	63.25241529982356	
1	CX383	188.38606381563216	4.5261252388524955	12.265230804748553	-41.84259683029528	7.489856634403546	
