IRIS_313-8436	102.44872825699059	11.13233019376918	-3.0033710564974876	31.07167892314672	23.177417969191627	
IRIS_313-9949	110.56601661926162	12.625929683053899	6.192479045984062	20.55138555251919	17.068588493451834	
IRIS_313-10740	95.49079985037719	33.99076659681326	7.000004656778044	45.60048758096692	39.088043026401095	
IRIS_313-10771	-45.292773316207295	60.335178441034614	40.342031695284525	9.814942506932372	23.390124078858687	
IRIS_313-10785	71.43025278297021	82.71834468386895	21.51297205008552	50.980093860860165	109.41599888883982	
IRIS_313-10790	109.2825465953377	18.536863774665253	8.648163834914872	41.210837615233935	26.132729317085634	
IRIS_313-10800	57.917281927774596	79.7934872659723	9.62744374163429	73.88140802264887	73.96268967028566	
IRIS_313-10816	57.53655593216703	57.62240042673648	7.950877148534856	52.66048560910129	68.11707833270906	
IRIS_313-10817	97.266339260914	26.5418838145959	1.250395002756469	18.247083792302753	25.197390072964655	
IRIS_313-10918	34.032468646191916	66.89374249560652	43.419356994243174	46.23425608051353	33.21372466682341	
IRIS_313-10936	95.1899397705666	8.547388667271283	0.5599558641886828	28.62230795273055	20.75032648585453	
IRIS_313-11005	99.67693197845004	20.66937415307468	0.14198253570801578	34.58031233557854	16.87069321053741	
IRIS_313-11046	82.93796876319024	34.38607651527855	-7.768083664203527	8.8169634117349	36.73897806717855	
IRIS_313-9121	-68.80331596658034	7.47001683936895	1.0734760482784012	-4.542398562285097	-16.940227650886165	
IRIS_313-11162	-63.84859620201165	9.361999908388299	-7.087619024075743	-0.3036107766530394	-13.677488677070357	
B010	-63.2198276356074	3.1201733040079587	-40.5540876881114	5.859326809764129	19.21205134451772	
IRIS_313-9182	-55.65453922244055	4.799372538471587	-39.722352451223706	3.4229128995160045	23.490002085045685	
IRIS_313-10990	-35.775846566369225	-8.756939267746079	-41.386445568723815	2.579903552535315	-1.8320065475784029	
B026	-59.509178271305096	-1.2751889491547468	-39.27565265974445	5.545795613776694	12.361136444814598	
B029	-59.34705881034264	10.82308515408099	-26.08470902216704	2.699176078854743	15.541241637793156	
IRIS_313-10511	-78.51540679951542	28.694111011022304	29.939888335531293	-2.656408648104781	-17.26293188751849	
IRIS_313-11205	-66.77297214489788	15.31178439923691	-2.349565501655375	-5.810345326437673	-19.1286443292857	
IRIS_313-9262	-77.58716962596353	28.68373862199179	25.73686498019716	-6.368273703571443	-17.979813958771537	
IRIS_313-8660	-62.76719085651418	-18.739565082930973	-5.207634223236382	3.9948275229886114	5.707225426855791	
B059	-60.66609976046238	2.783889095593966	-48.40215771641936	5.859889188551963	24.24482169350938	
B061	-62.04636119008122	4.139525377746712	-44.168255359012576	6.587301657700733	22.883543838720378	
IRIS_313-9317	-62.940471629968556	17.47515689907177	-1.2962353762522123	-5.932854448349026	-15.56032530561688	
IRIS_313-9320	-61.0865101300981	11.910809724094593	-27.31707419166913	0.6161588443183909	12.648609566448119	
IRIS_313-9324	-63.87539195401443	7.548523824986263	-49.76619210249536	5.272700628323412	24.089851552206913	
IRIS_313-9325	-60.77139691609495	12.145417194570701	3.6002548044823386	-3.521863952861817	-19.293858942089372	
IRIS_313-10997	-76.74331420618385	26.51629963628847	31.811689337926367	-7.715335696861926	-16.185061670941884	
IRIS_313-10614	-67.86744606016553	32.00938401786949	23.774476898704258	-13.773212493021866	-9.649716491764998	
B073	-62.697508507275856	13.56356313178847	-6.990919179643048	-1.9769949335891726	-16.902696259226285	
IRIS_313-11234	-66.79383492993125	27.822318429576306	25.53015484852636	-0.9730098888274324	-11.97220871871998	
B076	-77.46651801586341	33.786194483908076	12.556714471636989	-0.6810094906863166	-1.4143144599530408	
B079	-63.902955474381436	5.970217173588523	-47.701378852742806	5.9973358829864765	21.17362998514009	
B081	-72.97635733848915	25.884750379877538	2.343574228932162	0.7144591732114726	-4.664238386494737	
IRIS_313-9384	-61.17084755972256	7.257714336004684	8.58658449828762	-11.548400386210622	-11.172439263287337	
B089	-56.226909884869166	11.841755992403478	-29.321753316941408	5.655625223423772	9.948387115555603	
B090	-49.73010038640541	-15.673984475926225	-12.170088233275562	8.241976575598848	7.0529331789104095	
B091	-52.790870895615384	-20.16122684948676	-11.269242036610741	5.383912685812	10.22974553479475	
B092	-60.37423951508565	2.5287434019033057	-48.138561581820895	7.51574245831423	24.163403320373835	
B094	-55.92243713287089	10.679178392483385	-37.38324641979346	5.118021689307696	18.18369849624817	
B095	-66.61110764118273	13.881656822813028	-5.44165963176124	-1.949125975362579	-15.917690239366904	
B096	-63.50676573275324	5.537432351222804	-45.3571401154651	5.594383042600032	21.238367476519265	
B097	-56.237161919612646	-0.6557072452847473	-36.58832807240913	3.1881133540670596	12.851995884575302	
IRIS_313-11256	-63.87334297600087	9.120790983902317	-23.412498998097202	2.7337780358697357	7.918297099116504	
IRIS_313-9424	-64.97758701812222	17.215226254067055	-10.555366509626312	-4.595004463875531	-16.290529065878726	
IRIS_313-9427	-79.16621804401004	30.968075942005783	23.496096862159146	-6.017171193911363	-15.034078026476857	
IRIS_313-11261	-64.99640662033916	12.297217223970748	-4.419927301767892	-2.622124276539733	-16.77904927899571	
IRIS_313-11262	-62.70411780610495	2.142722644809925	-34.26001798782952	0.6840828472631422	7.151405950550002	
B107	-50.79387533821295	2.079812739924146	-33.369146835305855	1.2714785608930128	16.908771750523037	
IRIS_313-11264	-62.14412362444621	6.079260732163595	-37.030883748394764	1.0273933794571504	11.288341548089521	
IRIS_313-11266	-75.03106820919386	31.912220629835517	23.285240680178052	-5.633648308585861	-14.786796977590319	
IRIS_313-11267	-60.33415075363325	13.314730591905528	3.097441504305961	-11.329442103913085	-19.915726035363765	
B113	-70.13248864576776	22.575304902939788	-4.698989615476311	-2.9046204177347086	-11.45766010825655	
B115	-60.14718264132562	7.337284989341476	-44.65267004628658	5.408927388430571	20.944204197863293	
B116	-61.63320627794368	4.241752854537392	-40.85534017041531	1.6896676834203892	13.327586239457013	
IRIS_313-11273	-66.76226745859582	12.918766703389815	1.7995308676484705	-4.574099130842014	-17.751288330454162	
IRIS_313-11275	-59.61139112447464	3.506988765563401	-35.88383310730198	1.3204341033002185	15.480950075608684	
IRIS_313-11276	-68.08998288828546	26.63082261589532	5.788948686985165	-4.652169378245404	-9.06088957297261	
B121	-60.84971420438675	3.6470454176791063	-47.636182441859965	7.431493723332721	24.938138956559527	
IRIS_313-9492	-67.2333427617347	9.099179636438341	3.359401447125559	-4.673926064676545	-18.65981722786223	
B123	-57.80559726594472	6.239797486504663	-37.878823598056606	3.8324708296060885	13.206603230969812	
IRIS_313-11280	-65.30362367610627	17.496100697913448	-0.8541201285443827	-2.9993766272945295	-18.112333820882306	
B125	-54.26170033392605	5.431112749925797	-37.674247786876975	1.8229892123094362	19.316673656514187	
IRIS_313-11282	-74.79130545428809	27.25428644817437	41.86812608709781	-7.472806450540048	-5.974661028615273	
IRIS_313-11283	-34.87306262837165	-11.415018239825937	-35.331262298474044	3.3722676419949362	-8.094017868514523	
IRIS_313-11284	-74.87818844440585	28.82637113135679	22.013684511163195	-2.1189286712185544	-4.698139850682341	
B129	-60.45732253594193	12.26368126903204	-9.010694205651932	-4.570792214329889	-10.770753044180552	
B130	-63.70417548929008	20.11950451078173	-16.721653848709458	3.6224245051226323	13.127366048678415	
B131	-56.91038785009961	6.773876695855686	-37.01615136052034	-1.7239595281686508	19.632680473252453	
IRIS_313-11288	-65.39496131723782	27.252742983604332	27.215536452768095	-2.66808147319557	-14.210573191910452	
IRIS_313-11292	-67.52755533135338	16.840562643126006	0.9051523813713788	1.6663698483654	-15.278584169786877	
IRIS_313-11294	-66.03735628132429	16.352339689639894	-1.8021197514827065	-1.4790155468257415	-18.645437169916146	
IRIS_313-9560	-68.40711652011461	15.898441235811571	-6.078537388586472	-3.4906258480092496	-10.379261373633119	
B140	-62.63271655920455	5.754365521858447	-43.672468090819706	4.942870082738507	33.21639686859275	
IRIS_313-9570	-52.62968183679574	20.261694467849082	-5.382875376815401	-1.916862292962893	-4.81809430278943	
IRIS_313-11300	-59.581680129333215	-8.915071973686048	-24.59581067118588	-3.0056667951238	18.671789331275725	
IRIS_313-11301	-79.61745021518097	27.195317914252474	31.23332003033549	-6.393357558560097	-13.711390060824991	
IRIS_313-11303	-33.33165214092871	2.9843534328559116	-31.012371945216287	3.855109640212931	-6.257942008222824	
IRIS_313-9590	-72.14326156385857	28.783385021584486	22.022729478865287	-4.2308025721835385	-9.067736726464208	
B149	-58.94512769151561	4.004832797732987	-49.48017157857552	5.208606511894614	20.016862496102707	
IRIS_313-9594	-76.41551129009869	29.3054989294861	29.902181690067053	-8.58285929349623	-16.131908463036112	
IRIS_313-11307	-62.50923347954028	17.19949456475895	-0.8064892266484385	-5.511276711408582	-14.984049371832612	
IRIS_313-11308	-61.2349063854145	7.9252195074972756	-39.112330715978544	2.0252934422757263	10.483973918828541	
IRIS_313-11309	-61.837021720206245	10.163156945332656	-41.01265689801248	-0.5431252293457731	10.595278665124198	
IRIS_313-11310	-59.50972109762949	-1.125907982887959	-32.614799048425546	-2.815609449554744	8.780188205684617	
IRIS_313-9605	-61.30487642211654	6.674053873951476	-51.855593139581245	4.30747208461631	22.519634668225653	
B157	-63.20208889402941	10.52243346118623	-42.093842641544235	5.227422453432408	23.11560476720044	
IRIS_313-11316	-24.7879476362598	-3.260817167151238	-30.507792763224455	-1.0386260345675569	-2.6448929605510854	
IRIS_313-9619	-60.674907787373726	13.089876040854067	1.332576133686983	-1.252172726012426	-14.29085900340265	
B163	-69.3847021936812	21.060516276321124	-30.657540303625993	5.023613922312188	23.537812318464482	
IRIS_313-11321	-76.94395183385018	26.834223666427345	27.97984764056669	-6.077321843912845	-17.19263574518356	
IRIS_313-9634	-64.06828291771085	8.842584222113974	-1.5934611472967835	-4.804460871509518	-10.19418287033047	
IRIS_313-11338	-63.71094897205445	15.00542733707449	0.3469567068827948	-1.4714008021183287	-10.793582023100903	
IRIS_313-11345	-36.97960682721435	-11.270664878042913	-41.298406908443674	2.338002515743581	0.6649126031077026	
IRIS_313-11346	-65.23933190695209	16.91220598514004	-2.5131512553286233	-4.7703414014801435	-18.00357939986403	
IRIS_313-11347	-39.242045213665534	-10.520601827260112	-42.76314849728905	-0.41749838997927935	-0.6890701134028189	
B197	-61.5452441532079	5.366120430639992	-40.35417995813167	2.0033424503592676	15.031542782947703	
IRIS_313-10814	-70.38284728537717	31.41336540165244	30.31362893895791	-8.026706570245922	-18.688618451948187	
B208	-61.289369016478055	1.5811609540737217	-51.644446774638816	7.6152153474458695	24.472772013183665	
B210	-57.56101836690926	5.389230382918181	-44.8364944767892	4.725655942678977	13.80415366239664	
B214	-71.47955742002038	22.916005746969038	12.9540681366037	-6.472984951614176	-5.425845381109192	
B216	-55.97397983730506	4.321201245759638	-42.036765875760935	2.19968446230187	20.111891959400115	
B217	-62.62475490523362	11.061637938044004	-4.556957725825063	-4.620155333325218	-12.201406792362661	
B222	-55.61659116225379	6.064109648566108	-42.63366256801859	5.870282050249535	15.487706499310283	
IRIS_313-10847	-61.07057427548507	9.512018088261932	-40.19665235046249	2.8953531059416417	11.56701636866396	
IRIS_313-11306	-60.356251103587375	5.730309188520121	-36.32599476454233	3.5682410971364105	17.317351997096576	
B229	-53.34730504097874	4.400038356228528	-44.100953639708436	8.01455058545088	12.280972416697525	
IRIS_313-11382	-65.37038951388018	3.865290909047343	7.026098927797715	-3.951633655499297	-18.7911995156209	
IRIS_313-11383	-69.13079750868614	26.80380855185747	31.25462001183403	-5.051072498079851	12.533444579466162	
IRIS_313-11386	-78.8269235497783	39.01616387740446	39.184359367584264	-3.2409035265150123	-6.169961284798737	
IRIS_313-9867	-66.76619315016396	15.251404603786636	0.7054200266243215	-6.536481794974199	-17.152105239553304	
B247	-74.22131527258136	32.81198683903193	8.769224487811442	0.7607451074246456	-0.6262463629310442	
B249	-61.34429100390014	6.576248707880072	-51.65396105544482	5.666693061548684	25.68453083823042	
B252	-48.261280687073146	3.6641001929694386	-38.906251998547894	0.9208560265174872	24.088271678444098	
B253	-69.51690707652405	33.17529899474343	27.905977289888437	-1.9477305182091633	5.642654550851043	
B254	-69.70473711930157	32.962584828402875	27.71520444850413	-1.8289356757751842	5.570837860749128	
B259	-52.77067293806945	0.4043050981561565	-44.979185743628086	7.623343737607675	23.834613857185275	
IRIS_313-11407	-60.40134507325369	13.634339630210356	1.4393972939792756	-5.141396872147929	-17.470865802753693	
B264	-62.46042457294728	5.705708547290264	-43.91316197216866	4.963729347330436	32.99572689107198	
B265	-63.22745639844966	10.007457864314775	-6.801475001814386	-2.009824749682055	-13.558260921162896	
IRIS_313-9968	-63.61803943179826	7.692452120538325	-46.068504417442234	5.9235327669527855	21.667160618077727	
IRIS_313-9969	-64.42546738113529	16.46361979754545	-0.13594647708348856	-4.531624807758539	-11.868887115350397	
IRIS_313-11206	-75.19091487037782	25.71004751445871	25.073227458081192	-3.938961637645642	-6.840858821227068	
IRIS_313-9976	-60.40055609610393	5.524350995544035	-48.494508774892516	5.557917801266296	20.83801874807747	
IRIS_313-10674	-65.7340489027205	19.987159020860094	-2.9158146390710313	-5.269903579737153	-9.571328536466597	
IRIS_313-11442	-64.32561064114448	10.659296085325783	-5.266101570563104	-2.9594965051221904	-15.566785883890828	
IRIS_313-10675	-64.25727967193068	0.5355179887251441	-34.41659683998408	0.6301857227230322	16.7064312101234	
IRIS_313-11447	-65.03171267815456	15.975703752487743	-4.109221915486267	-4.905828338453677	-21.60973721399576	
IRIS_313-11461	-63.33637166538295	3.2861983378430972	-37.692189358345566	3.2497488069581104	18.48882298667625	
IRIS_313-11467	-72.27660627064208	28.27481011953158	36.11800238947483	-2.7221223046520007	-16.078699642195467	
IRIS_313-11472	-70.86010361853737	31.029014746416415	29.38107678237168	-7.643863989157551	-14.985894210322982	
CX60	-59.42563536684711	17.07053435447929	1.7169425506267968	-0.6264228887123574	-3.4395077478782388	
IRIS_313-10681	-73.61319665178279	27.197186564943884	27.647205360230238	-7.490573986726435	-16.709626339843336	
IRIS_313-11493	-65.22096850950913	20.224586502976955	24.93205834501921	-4.965584250112629	-14.988818859916108	
IRIS_313-11521	-60.35282701477017	13.762662115373974	-4.317830710455816	-8.936886995526852	-9.947324329920354	
IRIS_313-10687	-71.40998550006353	28.840417565708965	34.3380240953011	-3.274933419591869	-16.93510688748917	
IRIS_313-10171	-63.04647306697925	15.592230272138066	-14.429580686930665	1.2328290124215227	-7.086395236942378	
IRIS_313-10177	-61.385451954874206	20.937209227084256	-0.31052535183890334	-7.3700443665529365	-14.08301152524317	
IRIS_313-10179	-74.23194095482489	31.547459694935508	26.703467723145444	-7.798219184272638	-9.838759066095655	
IRIS_313-10189	-55.77167783785243	8.075097175139529	-42.51144096545349	4.912391381833866	16.18610007390186	
IRIS_313-11530	-80.33819889410232	35.50453113566979	36.057202699544284	-3.5223217948597196	-13.085838880900498	
IRIS_313-10221	-61.21305922528719	17.361283976171944	-2.6258436133766487	-2.750468502719135	-18.911391727718403	
CX114	-61.14550665985967	1.3994845170348564	-50.314789448313334	6.835546865977941	25.365010271329954	
B064	-63.328545475583745	11.912579146868405	-8.940208136041424	-1.9073381554187987	-11.348913164638445	
IRIS_313-11558	-67.653388901648	11.353929374871635	-1.0283357399336834	0.32194429220542287	-14.3141665800213	
IRIS_313-11561	-59.57272613094279	-25.795732493877793	-8.52052083664518	5.065998903127378	8.499676222272207	
IRIS_313-9917	-66.03820179480086	15.46621240011949	-4.14860690363116	-3.771549985274581	-20.109398590528347	
IRIS_313-11565	-68.38962478993356	6.778039448022902	-1.176271676143851	-2.354227070764088	-18.635012974885484	
CX141	-72.73069349506295	26.10762262313053	22.772600383735735	-4.953075181476582	-15.214633421587827	
CX148	-68.89441800120855	26.06724161304303	32.821744704637844	-5.932367316779504	-16.95041713875708	
CX150	-72.14254297065311	24.54643737078608	28.931152273074076	-6.1937650449248505	-16.037933080789095	
CX154	-79.01558096303141	38.87268243659596	39.82745981665836	-3.1956747712681253	-6.555247662139999	
CX158	-77.4770710184551	27.518478127375893	30.50205554240806	-9.833947707339457	-19.08294645044106	
CX162	-55.476123673471164	5.0926639876517426	-44.75647854653066	2.110126684718509	18.958236857658637	
IRIS_313-10880	-67.16725149938836	14.498683657232673	-2.0977716960237007	-5.379590492472787	-19.984372191922045	
B261	-58.16402984530131	4.349217993976039	-45.26276942557597	6.103835459540424	20.945614866300417	
IRIS_313-11622	-65.17844409025845	11.495285737908135	-15.044812132685774	-1.3985364473828006	-10.328449945896681	
IRIS_313-11624	-63.76067000201182	11.878502383776038	-17.48553799001818	1.7452256313072407	-2.263715701120754	
B074	-42.296456253485744	3.245256947320007	-42.00368955527763	8.830083516118762	27.866209551564477	
IRIS_313-11443	-62.688156817745416	11.18471193784485	-3.6703142765003656	-8.210331017808002	-15.506807686890644	
IRIS_313-11635	-58.52241143944809	3.9308327763512496	-35.654142602249756	3.0667022622914226	10.540099068682117	
IRIS_313-11638	-69.07752231383229	3.0075532453678813	2.7375287112917577	-7.9966953992276535	-21.537928879808586	
IRIS_313-11642	-64.82619234593707	9.756436344407202	1.9377157002112155	-5.9360768720503865	-16.56246088743745	
IRIS_313-11645	-59.77006873217488	-13.090679866419338	-1.0924697508037682	1.6373140335834844	-2.5122600072365886	
IRIS_313-11646	-67.57172563221228	14.623079115776987	-3.5989187268416605	-3.875003442233509	-21.089541531594865	
IRIS_313-11647	-64.38684898425817	-7.717739098544492	-32.23376253556437	1.2480695760021798	17.34250238289692	
IRIS_313-11648	-67.48795521564983	12.575080495148566	0.2154673573717013	-4.5676850908177205	-19.86138264797716	
IRIS_313-10706	-75.77604767875664	28.371707878130582	30.479793029525318	-7.00204769243497	-13.942621029801721	
CX270	-58.172686359103736	11.554931504237247	-37.1512379058192	5.298137979763686	21.792494373594327	
IRIS_313-10477	-60.80266715908264	20.247024999217917	-3.5618450338527934	-6.5302424370531496	-8.803779167907605	
IRIS_313-11824	-67.25454005000928	8.271209915582165	1.4311383501284678	-7.775088520923776	-20.89444024129639	
IRIS_313-10503	-67.12285516508256	15.45534567004986	-10.953575796030131	-1.9142095084243969	-10.044090531009621	
IRIS_313-11664	-58.83526722516961	1.9586155370068195	-43.64498790095441	1.4950411570040611	15.179945845929009	
IRIS_313-11665	-58.06789344529666	3.708140762980301	-48.04028480762932	5.587414906071479	25.378472670286932	
IRIS_313-11666	-69.09310911063822	15.514131287995776	-13.76847542970574	-0.9701751798012842	-6.074240604958497	
IRIS_313-11667	-62.999968841379854	5.909788710223132	-46.7683419980702	5.926897472305541	19.751043129066012	
IRIS_313-11668	-49.569302164674575	5.972245684465278	-47.73281646083278	8.66812089068605	26.78101777602799	
IRIS_313-11674	-79.10402544934392	30.806295469145162	34.762866700086455	-9.308477963833282	-17.242503518492892	
IRIS_313-10518	-65.51351072861524	19.66183223328688	-5.048158651682591	-6.481040186715205	-14.96692706553386	
IRIS_313-11677	-54.545520757601984	8.614573486806542	-32.4179551298516	3.931617210482194	18.711614642983402	
IRIS_313-11679	-78.94112650798186	33.83016777788005	34.98873027868358	-8.034563217125712	-15.345043670993118	
IRIS_313-11681	-61.515171033944256	3.7530059303690755	-31.96195864989203	-0.270284561299931	14.313992121609436	
IRIS_313-11683	-78.27790164743368	30.511687033428988	28.288755148766406	-7.5101414580108505	-16.94548922418719	
IRIS_313-11684	-76.89781025764475	29.748466640519016	31.543729409692542	-6.689431019598941	-16.988959834738907	
IRIS_313-11685	-58.84655764699887	7.3442549942189155	-34.026298389646676	-1.2801843716112435	6.127904311128379	
IRIS_313-11686	-73.92113116373031	33.45013338417945	29.393472097580393	-8.153371297125346	-17.56627797251092	
IRIS_313-11687	-80.25532016408381	31.775252795456215	32.14308548314082	-1.8675271289420157	-14.636662033764601	
IRIS_313-11692	-59.16854122173646	2.514563175658539	-48.71456886354548	3.772092892691328	22.77796295619749	
IRIS_313-11693	-64.0799770652424	22.549032594509995	0.06774322459632959	-4.527687553684247	-13.114474735330589	
IRIS_313-11700	-76.22445672313042	29.391647518900697	27.361439633920213	-5.007376235870539	-19.274306544301076	
IRIS_313-11704	-61.67221416151217	4.902064918210282	-31.86485896673362	-3.634849621166037	17.522770209510057	
IRIS_313-11705	-71.3490653288651	33.95197950898204	29.24172945849283	-5.7091736642347035	-14.414851662605606	
IRIS_313-11706	-73.74062613077437	25.6923506013098	37.78770164487985	-8.634405188004886	-17.135670139411797	
IRIS_313-11707	-78.99952184829992	27.596872224742288	30.693631549811926	-4.297512986103769	-14.76801061461256	
IRIS_313-11708	-79.24578285836608	31.896576942201477	31.39664128182908	-7.3109840096587995	-16.856662501295943	
IRIS_313-11709	-69.20286820075958	15.520253920359949	2.6292833639607127	-5.0751601698616025	-18.162646459638278	
IRIS_313-11710	-77.56621999855277	30.77093614357632	29.21930641879477	-6.161337570360724	-17.222956506615564	
IRIS_313-11711	-58.35032853025558	7.34448180170281	-36.460172982303654	5.805804714018015	11.029904092025244	
IRIS_313-10824	-78.82164140166354	31.245652574508796	28.83634839944318	-3.7037658702341574	-12.424922164665256	
IRIS_313-11717	-67.49465431179834	12.259973108981704	1.9847356950165675	-7.720670963841355	-18.99577445066917	
IRIS_313-11719	-73.7944955868671	27.381249774582102	32.14680359067735	-7.228687482556546	-13.290467173474728	
IRIS_313-11722	-59.816992155479525	13.945251445894126	-8.132846012389097	-5.009711398910545	-16.777518262629265	
IRIS_313-11727	-64.75447878591507	14.675570842205467	-15.019523089436419	-0.47040836065563835	-6.535047097245943	
IRIS_313-11728	-61.4028494887249	8.15493852988539	-36.898909304708994	1.9395274805063796	8.324768925833654	
IRIS_313-11730	-66.69837760690697	31.249967446125165	21.548598797730563	-7.990447595544417	-1.5868168792500068	
IRIS_313-11731	-75.3416253882525	27.091411987825047	16.035332700487796	-1.8428399037290633	-8.27433178887832	
IRIS_313-11732	-58.40720341266262	0.48431028726124276	-47.299966681663115	5.860870220152675	25.251410364243956	
IRIS_313-11733	-58.68014583159876	6.549818070868294	-49.247989154714595	4.60051719844273	25.731591039808226	
IRIS_313-11734	-57.498232617474756	5.694653959559073	-49.17536758501721	5.135575558481999	20.18993451442973	
IRIS_313-11738	-67.83354611059308	1.0511541723237574	2.096799570791338	-8.374549747297268	-20.37122151919464	
IRIS_313-11741	-59.38171451015134	-18.51485734065109	-9.531675454935243	5.502852534592185	11.424686927659462	
IRIS_313-11744	-59.50329527825738	10.314287149208544	-6.137765382835516	-4.874883786584531	-12.713295160766176	
IRIS_313-11745	-56.28940318002394	1.3968238154585755	-43.516923427214486	7.512149578079859	22.481551314470494	
IRIS_313-11746	-59.417538754855485	2.611023521632845	-45.685276391081345	3.619011426069894	18.219414924366024	
IRIS_313-11747	-51.86168680202664	2.4325815582881702	-43.72025102531595	6.2134364992257645	20.193682454852713	
IRIS_313-11748	-74.1861073758662	25.931110963731555	25.43931221287189	-5.959846455121567	-14.202389165033585	
IRIS_313-11750	-58.42341888957431	1.802255304929092	-41.56038323466452	3.386946368117299	14.491243989940747	
IRIS_313-11751	-61.866671970267795	10.364526451182218	-8.217418610399935	-0.4735054266507257	-12.057934294922642	
IRIS_313-11752	-60.41995664110217	4.107233108776777	-50.691147690293384	8.568272473309099	24.275178197405616	
IRIS_313-11753	-60.211064835322844	-0.6147717204402211	-45.069376204616205	4.702684105464171	19.863717656594925	
IRIS_313-9406	-82.4825474266032	33.14843802690729	44.759697663319166	-3.5132689759284887	-6.219325860191905	
CX403	-53.698991442899306	-0.3443993477791223	-38.08727479881375	6.581534340859319	17.982406375853973	
IRIS_313-11076	-60.98049074623407	4.217044019525989	-32.813971754881024	3.549739341428008	11.138710038821033	
IRIS_313-9409	-77.73138539053826	26.693380546019313	23.36531902890498	-7.116654464187996	-14.831873237694948	
IRIS_313-10651	-61.19671507151865	17.21306631563674	-2.780660552323858	-3.716256938464836	-18.865779685033548	
IRIS_313-10652	-80.16358350501258	34.21997777328245	31.38338368036992	-5.844825354235615	-9.293562707720934	
IRIS_313-11255	-57.711635297602726	3.5340688008404904	-38.196578999046295	3.7165108257824278	12.414550374503497	
IRIS_313-10664	-67.67994744572094	7.90740710869642	0.9136483735112061	-3.803275606111767	-21.12247130447692	
IRIS_313-10666	-60.868016664953586	8.539972022269962	-35.78581934610812	0.00987241195743982	10.50825266887691	
IRIS_313-10667	-68.57348938620184	-0.5492797711516462	2.657547293582266	-3.3972080646241656	-10.550026510498988	
IRIS_313-10668	-60.4302370406306	-2.3523145172741007	-35.14687505789928	-2.689952521133565	16.006818574390888	
IRIS_313-11795	-59.516181302536616	4.440136241356115	-51.35597644411009	8.32806807602611	28.32012580178813	
IRIS_313-11796	-55.62730526197169	2.2895749773529213	-46.46943133438437	2.374503970604252	22.80859003636787	
IRIS_313-11797	-49.17397012040766	11.23969445513855	-41.89670307187013	2.205913370916216	27.61440632577324	
IRIS_313-11798	-76.4387079929498	29.881509836218495	37.88859518903346	-0.04442988257556907	-10.953873677385923	
IRIS_313-11799	-59.29811874462576	2.2867817576480034	-50.43799905481041	9.298056887534106	23.638277753435453	
IRIS_313-11801	-58.89493280540626	-2.8836244780845206	-42.10194223928816	4.967964929438892	21.726223650031557	
IRIS_313-11802	-52.77872236458597	1.380848852725652	-47.721118226187684	8.850280691426722	25.149238977582133	
IRIS_313-10682	-72.36092468997956	28.31965274056382	29.184839523105687	-5.648699817088774	-20.31170475684517	
IRIS_313-11804	-58.781534982935504	2.535072697169165	-46.66222340122337	4.981212709392916	16.8189387625045	
IRIS_313-11805	-57.81341307222993	1.9871728326724516	-49.64769302716462	5.377683748550074	20.16211270947299	
IRIS_313-11806	-59.54482890458302	0.9160903896610195	-48.27903250894485	7.574613677015172	25.25539337394228	
IRIS_313-10688	-74.06390328136183	28.791577701199703	19.03416401549696	-6.865241600570684	-15.199162093907624	
IRIS_313-11260	-74.49633727009365	32.78336309348932	13.657510575219018	-1.162418758398978	2.9555099498153443	
IRIS_313-8305	-70.02715777905551	5.640168736713791	-3.829654640160662	-3.8891290457459853	-14.21545138144485	
IRIS_313-10697	-73.52144882585414	30.00081001897938	35.86342232966255	-3.833206037930588	-20.003300815638944	
IRIS_313-11816	-55.76087343829083	0.42384660435232213	-37.6477364072852	3.6715244115662515	9.790934798171529	
IRIS_313-11817	-64.30629884190208	26.39958148272055	-2.757458681058664	-2.3448441574472785	-6.8146288227668865	
IRIS_313-8332	-52.743800668338345	-16.49376500185113	-12.122529842929781	5.731185742286478	6.741265744503301	
IRIS_313-11819	-76.53886179699181	29.60708288312678	30.701085120471937	-6.720291187769451	-16.602494332993903	
IRIS_313-11820	-76.09252328346108	30.62028228890163	32.17718544335291	-3.9982196520453637	-8.831866815629917	
IRIS_313-11822	-66.79551224124285	7.4680016419060244	2.128294218203459	-6.797537079949796	-20.368509512296747	
IRIS_313-11823	-68.78850364881251	10.389886820471137	5.910539098126612	-7.032722085656115	-20.05326996489601	
IRIS_313-7736	-67.8618113958962	9.506151440447443	0.8044333188074237	-5.590048774510647	-14.38799584186741	
IRIS_313-11833	-72.04223348651168	22.818089309280445	26.830823663711495	-10.864129318222941	-13.254220266776422	
IRIS_313-11835	-59.90538574749095	16.88894029791781	-37.41582279435457	3.2969952464609116	22.210437528849265	
IRIS_313-11836	-78.72398481329417	29.41435303193516	36.32255828793226	-6.521175257217098	-12.630861530134892	
IRIS_313-11840	-77.40575752871835	29.937659275808844	30.75016992749509	-6.516134823508431	-18.055944826427538	
IRIS_313-11842	-75.56408846437118	26.51563642360309	28.984653179319324	-8.432502848024354	-19.208283080433855	
IRIS_313-11848	-72.88818028587953	31.657642044135848	31.20411439463343	-5.296045611630197	-8.61503896828483	
IRIS_313-11854	-64.21233020593728	12.287029691460974	-9.837290660050586	-1.3107838761060389	-15.0757834100026	
IRIS_313-10748	-66.73647352195219	16.70564160297646	-4.2392233602067915	-3.113346825617912	-14.360384649915716	
IRIS_313-11866	-58.67579724066142	4.297975598754176	-50.65516495763742	6.753909459035358	21.522783033304965	
IRIS_313-11867	-63.098491674715575	4.498060225706384	-47.841096393247554	5.864139042226014	22.68261548720909	
IRIS_313-11870	-57.09444415449518	-0.08915084818901181	-49.13759994983281	6.126743804036373	24.95829222344961	
IRIS_313-10755	-76.81651104222567	30.31760608847801	39.068824047776246	-4.577907473725201	-8.192930950854317	
IRIS_313-11877	-53.6368262590953	-0.7433353184177631	-46.12685722819384	8.271373874323116	20.7474140556691	
IRIS_313-11878	-66.30809257098629	10.272123598271211	-47.05799767515671	6.230159081543902	23.73037723722139	
IRIS_313-11271	-78.11264011601996	30.512376437814115	28.704644400420452	-6.84737731714046	-14.449309176020163	
IRIS_313-9469	-54.77107081143736	5.083324011631943	-45.9150775361232	5.228703615970065	17.0894060636682	
IRIS_313-10774	-76.6763142732525	24.31092144704329	21.959854722102016	-5.061366004251101	-8.087138888096076	
IRIS_313-10778	-65.32701176858541	15.861110205533155	12.588027074686131	-6.236803911587029	-14.60329130359447	
IRIS_313-10779	-67.49430531017612	28.17727719389963	36.33941104724878	-2.0832541796865667	-16.86895601996157	
IRIS_313-11909	-54.3817033580686	0.4610174865456129	-44.00253802632286	6.264756939342827	25.163734956063255	
IRIS_313-11916	-59.22137398003872	6.541985259697491	5.611656250401339	-9.210941470233239	-12.700317807179374	
IRIS_313-11918	-61.22359801328057	21.189818027723597	-1.7805700099540447	-1.5015483983844826	-13.016640357021416	
IRIS_313-11919	-67.71871058591086	8.443858168380107	-0.31871770322879844	-6.3907786240429525	-20.34193498341831	
IRIS_313-10806	-58.9178833880003	6.277602277858373	6.172172189813557	-3.138445209046235	-14.91906526162615	
IRIS_313-10928	-60.05860295707207	17.53154537323989	2.2158206411399366	0.7688664131635745	-9.456802653315263	
IRIS_313-10810	-73.5261868348958	28.191377332247562	22.890687300788578	-8.529993730791038	-10.445518260295067	
IRIS_313-11279	-58.96893316915675	22.773836916268166	0.12745646639944685	-1.344206608851544	-7.891366791261027	
IRIS_313-10813	-56.30396471090026	7.459981638127992	6.812785642042607	-4.937822035027485	-15.874598487821611	
IRIS_313-11935	-80.38150898599112	32.626259126471275	41.355222591128125	-2.290294152850478	-12.378083347769127	
IRIS_313-10822	-61.00426354231233	11.926706716827214	2.560894913046647	-2.9225213044148624	-13.977099875662985	
IRIS_313-11945	-68.87212405060289	10.83807426925442	3.845885522063338	1.1838928680344551	-13.414358176423603	
IRIS_313-11281	-52.804706962177626	-0.7010780531507678	-45.558980872842504	8.244350355735534	23.158840954150104	
IRIS_313-11949	-53.30535583080774	-2.0711074641102285	-45.46239142109818	8.641106937560373	24.28379314844012	
IRIS_313-11950	-56.48083472475378	1.64484105762269	-39.65114906562886	6.611178918149419	19.415731320595523	
IRIS_313-11953	-34.41865785828017	-12.778680342745274	-38.33328539632663	0.7560422046690451	-5.504597854325933	
IRIS_313-11955	-63.59700712338321	11.037117065220082	-10.499264983622629	-2.4202777402639204	-9.375806215649979	
B105	-62.14319047575	37.53170313951095	22.848132201525736	-8.661275986514765	11.730440235257227	
IRIS_313-11959	-33.1047844024348	-7.218072236640245	-37.61850359985922	-3.9343061562372994	-6.458615839258826	
IRIS_313-11966	-56.89134897662689	2.9298850876916047	-44.06659904329448	6.638752523485257	17.494315913225826	
IRIS_313-10855	-75.73075934125032	24.28571560531514	20.405385208593554	-6.407198636589389	-14.661098625636173	
IRIS_313-11286	-60.227625187094205	10.027426180332967	20.422166164089333	8.700427537114773	3.877755339750533	
IRIS_313-10858	-63.00815289763859	10.412046387121766	-5.10581613758177	-0.0913357108866904	-14.816194263735277	
IRIS_313-10863	-63.72334796583626	4.725262221815157	-35.1964466602268	5.1992983054505695	10.940507118494361	
IRIS_313-11287	-66.99305636176572	20.267914417214794	-0.6376912279864564	-5.276667190101333	-11.989135334529958	
IRIS_313-8414	-11.617924203047114	-6.446520289069038	-38.59463412694701	3.4572671070420804	-8.50705912983017	
IRIS_313-11989	-71.95454622025825	26.754582163750612	26.577624998238186	-7.626637679885992	-5.625433093714204	
IRIS_313-11999	-78.39866354992272	31.50563524028633	44.822579158930864	0.8631001650439071	-9.492184979198269	
IRIS_313-12000	-68.21627103907514	15.412109323172846	4.065911783793683	-3.437165147066943	-20.949697340717478	
IRIS_313-10762	-69.59078769551121	27.408625661443402	23.601606324055005	-4.90198184487005	-8.506795748126583	
IRIS_313-10885	-77.23000784380629	30.79150513732909	31.31556870331833	-5.63892011610506	-13.48099837130508	
IRIS_313-8253	-78.8742106390343	38.69528540741591	39.86022729733084	-2.7670711481965493	-6.278966402561844	
IRIS_313-10887	-62.72880783344375	12.895802553025232	-5.267635758641879	-2.7795564935431614	-16.744176754307645	
IRIS_313-12010	-58.06045853433595	3.544100636349572	-49.645483471392524	5.611874858044603	19.566005532068896	
IRIS_313-10897	-67.83686267241674	16.10942733638223	4.3295673481922	-4.9724717042652	-20.926946059679395	
IRIS_313-11882	-53.47749752963252	2.069476223116914	-46.53788176342758	5.779119422634581	20.737748411068615	
IRIS_313-10900	-65.20281898215184	15.992739454316006	0.7657023494261865	-4.921004108474347	-24.245409838390202	
IRIS_313-8312	-77.29180727762134	29.276174080194693	33.55721897345167	-3.215544623229846	-17.84410415893387	
IRIS_313-8315	-59.844118558119675	13.07314622050785	-40.378427553740956	-3.2857028589559247	12.66123654214966	
IRIS_313-12033	-58.43354988949985	3.2557871464520454	-48.18361422860717	5.5828827827402625	22.08907562018621	
IRIS_313-12040	-78.78482725182643	29.43245081292685	31.550225178283085	-6.783155985118764	-16.95243805665651	
IRIS_313-12041	-78.29347386068731	27.810780013414057	34.36106031094645	0.5711067877464784	-10.16619459846518	
IRIS_313-10912	-80.13297998322871	31.65624765737071	42.524308789456164	-5.379233362185782	-11.264939734329108	
IRIS_313-12044	-66.64386507258703	13.69580123216445	-0.733610772030198	-4.28792357284765	-19.897598109208506	
IRIS_313-11118	-69.09288146015194	11.99778953100286	0.7550131848622743	-4.416587717390069	-22.72768119702899	
IRIS_313-12048	-75.27186372632745	25.801997348340105	24.05911678136181	-13.585345217660185	-13.675505946700572	
IRIS_313-8386	-58.3156898607764	-0.19688591660495802	-38.6476214905221	-0.30068982426377067	10.633836690706676	
IRIS_313-10924	-62.18601926399042	5.357633007077952	-37.76267707302089	1.5762320517308912	12.078912883829439	
IRIS_313-12058	-78.25343223864327	27.725773630302058	33.280001446869136	-3.201038171069553	-13.717242889173594	
IRIS_313-8401	-70.96349264404495	20.922096212947878	-6.025389601017608	-9.292112528080125	-13.203878418055993	
IRIS_313-8407	-74.1327514060743	24.877734522293462	26.113203771054216	-6.9002550024408515	-12.080251373407586	
IRIS_313-10937	-74.6324376379581	23.49849655225413	31.04191663550097	-7.7896680372205465	-21.464673144666676	
IRIS_313-10938	-76.38631020376803	30.96046103877679	29.9239216139206	-5.541536248601442	-20.52537725603714	
IRIS_313-10942	-72.07227533166635	29.18204323458506	28.438135967970368	-7.304629597754731	-7.76160259972485	
IRIS_313-10944	-57.33787372178708	0.22719221665322706	-29.389934814636938	4.341484333636714	13.633684015722954	
IRIS_313-8453	-36.96313711955455	-4.985178506562479	-29.411873043237303	1.5097280248933607	-10.095350722636606	
IRIS_313-8454	-61.74424896703741	6.062013267344337	-47.19413212676432	6.792975836124011	21.945091094757945	
IRIS_313-8458	-70.05695572277071	23.208340628490973	23.834385412824815	-9.191780818528562	-13.347977057112093	
IRIS_313-11490	-70.47654755321501	34.49493521155487	41.85983179400283	-2.430299067308022	-3.0251625695834132	
IRIS_313-10954	-60.62714342681442	13.727082594604703	5.275134163784903	-4.892356126443624	-18.00076899689105	
IRIS_313-12097	-81.03787936396866	30.366407254163807	40.83085390353269	-1.7122159003869346	-11.977942376298746	
IRIS_313-8485	-78.06787875258522	32.09963195845239	33.96462194555596	-8.733898590286989	-18.055786902911994	
IRIS_313-8493	-61.36409521110956	15.223869504936598	5.949850067219118	-0.5221467211628237	-21.664436038331072	
IRIS_313-12121	-74.03148342955062	31.735103294883892	29.049059254315136	-8.805405195550037	-16.787100970983495	
IRIS_313-12127	-56.024542467365386	5.370001876214683	-33.24849362604099	-0.5459319808530914	9.563526826629127	
IRIS_313-12128	-78.20594581957582	39.56217161648794	40.7279947827788	-7.275234833078985	-6.9044889048449996	
IRIS_313-8530	-77.06234827827741	26.753674482073876	31.09887641813426	-6.576497975120786	-16.3788361385609	
IRIS_313-11304	-65.53251335147131	18.18361080068958	-1.2732987411935064	-6.528584492042926	-18.122808122394957	
IRIS_313-8557	-75.63483511879666	25.838481222196602	24.597297953670676	-7.809807311044694	-10.070251340476974	
IRIS_313-8568	-65.82860489223201	7.979906539102978	3.5124289616674025	-6.459178377703966	-14.401395231358109	
IRIS_313-9593	-68.70964941914389	16.045060489369916	-7.1365357235406695	-4.356667974020761	-20.40126663244483	
IRIS_313-10975	-79.46418513333253	29.241206988216025	38.957382963961074	-4.345976816822208	-9.100631497257492	
IRIS_313-12146	-58.14159888581315	4.427871869951558	-23.127826130073238	1.2039397722089387	7.033020279233074	
IRIS_313-8585	-57.881368760896684	1.9192254641172453	-37.95035421469476	-2.48353595535158	12.852464685835665	
IRIS_313-8586	-75.4064203689638	30.351060867425623	27.623556191835654	-6.338404367942371	-18.734918217647042	
B150	-49.673911498862275	8.274220625214388	-36.05185049841871	4.367880300901653	25.777936356378174	
IRIS_313-8603	-56.85638711461855	1.7893620822477974	-39.825768494618934	3.4026168593694424	11.555930229817053	
IRIS_313-10986	-69.12874554958191	7.5973817120012646	1.7619511602968658	-5.22571626031294	-17.29732728610016	
IRIS_313-8621	-62.260596577011896	12.259066908763204	-5.780082892986493	-3.975591357014747	-15.341405892984898	
IRIS_313-12190	-57.06325167483633	-2.401914910360434	-40.08701844012138	6.475743762431842	14.155321626473697	
IRIS_313-10995	-67.48222557947392	16.286925295803467	-2.601098593096902	-1.5781276153825337	-17.93237907633742	
IRIS_313-10560	-40.63202283029602	-11.349544534030901	-49.167480833662424	4.985082550213473	4.295580163568061	
IRIS_313-12220	-64.01172466550294	7.5077514423643885	-37.7965180490812	3.312956558479198	12.895552843394483	
IRIS_313-10961	-73.20471778092097	31.836602524119318	34.722348782203994	-8.613673860178688	-18.642864137291937	
IRIS_313-12234	-59.27439192240755	3.5320959339227724	-44.45724546352617	3.215801530498445	21.665957738306975	
IRIS_313-9609	-58.0558767420218	4.714583543257531	-45.48385522144496	1.2928062401558282	15.82485082971886	
IRIS_313-11305	-52.66885369286291	22.139369222953764	-1.0167521045879107	1.8674243126720893	-20.360479063018634	
IRIS_313-8725	-73.20467207469376	28.391717142215917	22.897482268872043	-11.540094581192454	-14.427934389484754	
IRIS_313-12268	-58.268362938508936	2.517682789776579	-40.13875563369791	-0.5551982553720405	9.815971099900846	
IRIS_313-12269	-78.67246394859289	28.291985252732413	35.24688923282322	-7.481766863543419	-12.873811724018484	
IRIS_313-12275	-76.55857869485723	33.91508813824449	21.875842585906152	-5.606932215079988	-13.33523263458504	
IRIS_313-12287	-77.62789707031034	40.14202069896275	41.91975223486807	-4.934662265186712	-6.926710094975096	
IRIS_313-12288	-67.74864310779317	14.833796399439732	-1.5945160672192302	-2.137669517491073	-17.530166061317715	
IRIS_313-12291	-76.01135400813953	31.709105594853398	23.490174486043433	-2.572612583970144	-11.447757778104998	
IRIS_313-12300	-58.93618668198525	-4.9216801093439475	-38.961603080513555	2.1713527948048434	13.898525019362697	
IRIS_313-12305	-72.44400966552605	28.299095259262256	28.954061383947483	-5.529184950648018	-20.216964245484256	
IRIS_313-11296	-61.93262849704864	13.344395756450181	-8.862836878528537	-0.5480580140897442	-10.78300962349087	
IRIS_313-8844	-60.146276076372516	0.5281479665992732	-37.05207260619677	2.6180381153335297	13.785615051557818	
IRIS_313-11278	-72.54077782152717	26.43101716295641	8.7887123165293	13.730802736578818	4.76628618203795	
IRIS_313-12334	-72.89122426533767	30.429873709391064	27.16595506827776	-7.260954249072432	-14.609940337365387	
IRIS_313-11079	-74.77652441584654	38.477250374802075	31.95764667636454	-5.386601556286637	-11.216271024048933	
IRIS_313-11081	-70.70598897993328	29.65296298255451	32.12139612938166	-6.556452849608453	-14.012845134331796	
IRIS_313-11083	-72.20709936761854	28.11565570676504	28.984044403201903	-5.500536718340357	-20.240832585651177	
IRIS_313-11085	-57.26565385891179	4.245307618519366	-30.273117061166456	6.542269106046006	24.683052224136187	
IRIS_313-8900	-70.79321069419441	7.8410631344758634	2.0601526689080987	-4.443987526594852	-20.496454174049855	
IRIS_313-11089	-60.77782668708472	10.334897918473274	0.46619835361940726	-8.378574582399963	-13.778478507998429	
IRIS_313-12354	-72.58087170428632	30.191570292618106	24.28784515757509	-4.199573477041755	-15.299656342560933	
IRIS_313-12355	-77.33147822898775	30.762537576010736	29.26212120293438	-0.43017444240364444	-4.519942773361523	
IRIS_313-8924	-66.35237740064346	13.013701162982914	-0.40079512777326964	-4.6087090077781205	-17.685097827434564	
IRIS_313-8925	-55.89591896918252	-22.63519381955731	-3.7210349843360113	-1.8985118485193655	5.954228793505262	
IRIS_313-11097	-74.48911825803293	36.92153849598516	25.110025149654177	-10.658183289691726	-8.741066256997735	
IRIS_313-8930	-74.67402214511752	26.817856189366033	21.84780927440779	-4.625658865684039	-11.632907913775796	
IRIS_313-8935	-65.67889113916792	28.06835249190206	13.755274071003997	-0.32997974437211175	-4.131744464680573	
IRIS_313-8940	-60.55349563097101	5.8698824889725385	-49.5698560727423	6.5110729574354895	23.014766787986236	
IRIS_313-8946	-62.029574569663794	11.972497587750745	-4.797992355407253	-6.977628508052064	-17.297596434231092	
IRIS_313-8948	-66.03113444975382	18.58648180888942	-0.8470022219896955	-4.994913583913796	-16.762599085326514	
IRIS_313-8967	-70.76300130482547	24.199895631853558	10.2152509926015	1.8125279473072076	-7.122918523192693	
IRIS_313-11113	-78.53843665987215	20.759280786693676	43.6534626460682	-4.986735368090945	-9.430669633729607	
IRIS_313-8982	-64.82055486841477	3.095508125336082	-36.735846185753445	3.131487148694734	15.618287729515592	
IRIS_313-8985	-68.66711486473278	18.874378771182773	-1.534671504353374	-1.4505974922304505	-17.54617210167819	
IRIS_313-8988	-66.92394540761849	4.945177449637602	3.1916971316562384	-2.548387210541087	-18.61759303120768	
IRIS_313-8994	-70.74882621770155	19.0772333775393	-4.605274615745447	-6.234199855742554	-13.854294134428175	
IRIS_313-8349	-68.76361310835506	12.522055178989994	4.864931548916774	-5.286625543116512	-18.679022691219018	
IRIS_313-9020	-80.4006582433981	31.64976161438177	39.02384876038903	-7.5946367796368035	-19.382647023687305	
IRIS_313-9039	-79.28104245109	32.6562395224386	35.59624333132324	-3.580062602636435	-4.986182043127469	
IRIS_313-10751	-67.92656385235556	24.261969375095028	26.366233949013445	-7.102688096437209	-10.9195614279846	
IRIS_313-9067	-69.3272213052256	7.394527268305095	4.9894759707497185	-6.1339266084198005	-7.913220368312419	
IRIS_313-10984	-80.39400411981775	20.300697637152428	24.220193654020505	-7.284697716631849	-12.178718296209095	
IRIS_313-9108	-71.19799002993479	31.79530673627614	11.863304632077943	0.5048083146645859	8.08508310049518	
IRIS_313-11299	-54.88527566179636	-19.462928663673058	-10.383783427306259	3.2683387109031856	1.9288782951095196	
IRIS_313-9117	-61.371649143663944	9.932379473561696	3.3700117035720965	-5.109649117274386	-21.153330088508756	
IRIS_313-11742	-35.24410387770749	-135.52904110822558	40.389442272000316	10.360685136399967	14.532440797914365	
IRIS_313-11298	-29.404294094638562	-127.01234827065711	38.00564012825739	9.415637395108451	16.092573279443577	
IRIS_313-8321	-59.78905865881694	-78.91294428217596	19.6347871611678	-1.5899153248377256	14.155381481356537	
IRIS_313-10020	-25.750008852190515	-60.80492833453119	29.222135051644386	4.752466684689361	33.49644782606843	
IRIS_313-8342	-35.49904885708342	-69.76412455406654	22.881015846373494	-2.9533975291868044	22.421972619700096	
IRIS_313-11054	-61.84120050572406	-83.51452387680116	18.74401773032837	2.3659311242227306	13.21314874147652	
IRIS_313-9610	-49.707185133607204	-95.65667256614287	21.971645593088287	-0.2436300730295451	21.24824169210082	
IRIS_313-11013	-49.934338018321576	-127.67318661408153	31.723874254512296	0.5326702360489795	10.96303295325714	
IRIS_313-10925	-36.539157550239494	-107.14414111785595	25.12596950086639	5.230563417722999	7.534425748707697	
IRIS_313-11454	-47.436512587613436	-87.35300508317222	24.034993190891146	5.408165752357048	30.261360027734543	
IRIS_313-11055	-46.39758187436578	-124.24267012918216	29.140193219487735	5.04145192111764	7.547117347459601	
IRIS_313-9626	-45.657395470226355	-125.00333873672548	34.096931887917115	2.839159278018753	9.244689903783986	
IRIS_313-11058	-41.51077681234054	-134.95688156892604	33.913409901315475	1.0131934786532046	7.204794890216072	
IRIS_313-11323	-58.65128489642083	-89.24905013133363	30.217129306267623	7.890796733094167	32.103506944207226	
IRIS_313-11324	-32.32721570527862	-128.92487008373607	37.07795705669969	7.027212055578541	9.521886906805372	
IRIS_313-11629	-48.53129509422385	-77.90124443253231	16.844591168299882	4.492208116392725	18.076910897146206	
CX368	-36.93141500126873	-106.80395618040541	27.495118286294883	9.847196827173216	5.134559814201451	
IRIS_313-11064	-38.65785412888003	-124.12177255626665	32.1589248832484	10.548284246904176	10.516257803112932	
IRIS_313-8410	-42.515362676267415	-83.64673220682374	32.600491427752395	13.681074342192838	26.90751067597245	
IRIS_313-11636	-49.65254419408799	-86.87338989520579	29.420505422276655	1.5096723293000802	21.14117531261359	
IRIS_313-11015	-45.55423677332797	-128.20124011442573	32.665511599738174	4.8408099409753955	11.446418120453561	
IRIS_313-9422	-50.88937878502898	-116.33496743353194	36.8583938495221	4.718552285041225	5.636573914755152	
IRIS_313-10673	-50.12252005317397	-126.85871629535451	32.28102574796021	6.01952427790746	6.834260214420164	
IRIS_313-8864	-41.37734461190519	-121.97276003795554	30.346059786171182	2.484946370021972	9.30887608182659	
IRIS_313-11483	-38.83611466945523	-126.5022381652076	34.816572564136614	6.141741329929339	16.39188911145822	
IRIS_313-9283	-35.64992599282027	-119.21959933800117	31.507836353095463	0.07529654092619942	6.775938516555454	
IRIS_313-11214	-50.262088523373876	-107.3110573226871	26.47397889608744	15.488353016433654	11.651980375594022	
IRIS_313-11191	-29.02382136652817	-71.04344856622319	28.580730939540732	5.411188398075768	32.59590854021304	
IRIS_313-11462	-46.32909012898635	-76.35362195555062	14.125729815398515	-1.9620236643586337	13.488201167750654	
IRIS_313-10963	-41.99485295916361	-112.35409662747657	25.089422072813335	6.280163276632873	6.959372491828342	
IRIS_313-10965	-34.338422594181225	-116.90980111681779	28.909443003954106	2.826633647573031	8.337359725305951	
IRIS_313-8554	-29.808358366176297	-63.39113079195383	18.991667269283806	20.03519083303084	23.67369921774893	
IRIS_313-12141	-49.0849677822054	-126.5679561077733	31.197270275631276	6.026835547061746	5.453347195205195	
IRIS_313-10976	-47.23798593856448	-130.40626174807855	33.42634190543758	5.998725880942977	5.792134217173298	
IRIS_313-10845	-64.18298388052769	-78.88285910285272	19.730770440219832	1.3123278049643798	14.443398435465507	
IRIS_313-9661	-46.39412421894174	-122.33341824919572	35.422900155857356	5.8804805758633805	8.873269107535563	
IRIS_313-8963	-48.69074554691181	-123.84494734944049	35.19930810645267	4.518004274971394	5.157620169634683	
IRIS_313-10849	-35.16968731877282	-128.2383421238323	36.85139389344777	10.267794466824064	10.738603647588077	
IRIS_313-10981	-63.2969689089055	-74.54044439168564	17.80031117364947	-2.057081030227289	18.860246283364543	
IRIS_313-10718	-1.3491017357537936	-76.57881658989739	24.923199150049125	5.2968769745481765	11.56128502748454	
IRIS_313-10852	-31.096141317857075	-135.13757186444602	37.19067762350252	10.084594260046378	14.2993594686925	
IRIS_313-10979	-65.8334543149378	-77.12530714943674	18.4768508304308	-0.2393486934186808	19.17884550726294	
IRIS_313-10987	-46.42336233202491	-119.30238274161351	30.761414171586576	13.734480755982538	9.427383357819178	
IRIS_313-10543	-34.66304012989955	-123.58883051434307	36.07582675428195	6.416773382230707	5.580677189492997	
IRIS_313-9449	-32.51506115630803	-99.79297873563104	26.49486641169346	13.983850475572336	10.615626862517496	
IRIS_313-11982	-31.64468036402773	-130.11188879450853	38.96681437136049	12.810108669899938	13.01555002208212	
IRIS_313-11112	-62.9914448924729	-75.42238287004	19.770417803310085	0.23892222072655678	21.693204161987964	
IRIS_313-10869	-40.08911392066414	-72.28215275975593	29.971501257067807	26.130638123222884	42.76474224359363	
IRIS_313-11265	-36.81119737877865	-127.5313564669049	32.65890308393388	14.202461715127207	8.552842557651523	
IRIS_313-10927	-48.55688267373273	-120.44643806474716	26.15448188030118	-2.5712769473086894	3.7984918365728024	
IRIS_313-11272	-52.44969347170283	-122.70116887148689	29.150276932290847	8.144094282320339	7.4184664060054075	
IRIS_313-10875	-29.385856500260136	-124.33687890144702	38.68709473081401	10.057750463462012	16.80383802654657	
IRIS_313-12002	-36.59496075703205	-114.79156868112496	28.669196786778244	12.42850165104435	7.258766364382063	
IRIS_313-11277	-62.22285528363609	-72.70042448519877	18.04753064420695	-2.263165131364121	18.265207278798776	
IRIS_313-11557	-41.69376789439624	-123.86435971594265	35.44919820897183	10.73262266896947	12.469997078150639	
IRIS_313-11016	-38.02453894398413	-128.43394897059522	34.46644600705955	11.8436353899945	12.227079357213764	
IRIS_313-11017	-56.39793705992379	-88.18164114468281	23.14475042981304	-1.9009904054697415	19.445029275513825	
IRIS_313-11018	-56.572372901819115	-81.55847094121913	21.96796348739111	0.20097259705015946	15.523957037479551	
IRIS_313-11020	-32.55207962116849	-124.44817789969628	38.10760180167588	12.062862027628658	12.946696854228527	
IRIS_313-11458	-46.85033037665015	-132.35329890075838	32.97799707292569	3.1513394018336394	5.0617766234547865	
IRIS_313-11024	-29.324556340947158	-118.61389860859585	35.55771811264061	11.266839451136153	12.023389043326297	
IRIS_313-8721	-43.86904301358424	-129.7542350490592	34.09048819638895	7.6628669424431735	11.159353747293636	
IRIS_313-11027	-40.944494408789915	-77.35747739298118	17.323657190118197	1.2077539615062751	16.185618223233845	
IRIS_313-11291	-36.44119331024732	-102.48429011894066	18.88945437160581	5.364627679960007	2.621149027845858	
IRIS_313-11618	-33.49396976443144	-104.6609274806067	22.9995319670694	3.4640901983831425	3.651644406906982	
B001	106.70743224763201	9.514882758193725	0.3316235272772732	-22.960656125457678	5.1995505747131	
B002	125.8308064592035	7.125550858011643	-0.9456703666285696	-32.30466951234133	2.51528587520617	
B003	71.1289580964973	142.97356367989968	118.33782048795942	5.418745438859726	154.52452721860126	
B004	140.08859323666235	-4.405659280367201	-7.551518952041319	-28.286265156989035	-6.192000046500748	
B005	134.78382050732387	-7.772074216232951	-8.988276301650536	-26.995786057063864	-11.378571916719496	
B008	134.60327408189823	-6.365847313756646	-8.72543990350445	-24.592139375025205	-11.213611622513335	
IRIS_313-10808	97.15902341559368	18.29230673953836	-3.1155927403127643	63.176199252286075	20.515974615877482	
CX396	136.81188356549208	-5.105023076120208	-6.538606362005422	-25.73115347784086	-5.399237970216721	
IRIS_313-9176	144.43891948509778	29.63211485465419	0.6600486497922812	52.301792822674614	20.69146465544864	
IRIS_313-10853	138.4050783552679	30.83777578041014	10.18813995911473	60.727578236393214	18.25436652514127	
IRIS_313-10631	138.55938474283533	6.26828123375169	7.505657337351018	-20.093480158322166	26.38519302467503	
IRIS_313-9123	82.89090328372257	49.18073104036486	-13.646318406062733	56.53813079133676	16.873543022575948	
IRIS_313-10642	137.06717409998964	-6.165089948090853	-8.01878590336132	-32.0268900848619	-6.385905915164447	
IRIS_313-11800	136.1658194774724	-5.404671475908195	-7.799562773110925	-35.06164244366539	-4.648901318851107	
IRIS_313-9201	89.79963821934027	186.71996260927403	124.7269978382735	79.37565926165396	193.0359096621042	
IRIS_313-11183	63.7120770408545	140.8791118313361	84.6514927804283	79.22338244118833	96.92353863053512	
IRIS_313-11077	134.29190557099608	2.059924307331632	-5.061615698439072	32.714764654982204	-14.018420231032374	
IRIS_313-10922	118.89924742703928	-5.403038230403171	-11.201451708624198	52.739980707188415	-31.729150195014057	
IRIS_313-10228	105.31094839282518	9.910246908616076	4.184524225230106	-29.992518054276967	42.262071721652084	
IRIS_313-9228	137.46665760588402	-7.110316292034106	-8.605665411597014	-28.89521828288067	-8.999265090252708	
IRIS_313-9233	135.55685655184882	-1.8400994746429813	-5.53793068537926	-25.20017057827264	-4.8315197966986805	
CX330	136.89738748005	-4.434575966958501	-5.884917242557019	-31.75694269826595	-3.109938680621785	
IRIS_313-11788	140.42344514203722	-0.1487555308234232	-3.6244460007311794	-32.67091490662609	11.770586076511423	
IRIS_313-11651	132.91865086113523	0.8699181666298593	-2.493542758460614	-22.610518051341757	9.847376851801048	
IRIS_313-8884	125.38583323591787	10.26172183155341	-14.445113956680373	60.51151983327992	-25.896405053270342	
B045	138.9077992785455	-4.707922117075967	-7.8130365244819675	-31.147651311953737	-7.265029271986972	
B046	138.1726170752191	-4.839617249743892	-7.4981963216275185	-31.620888948510643	-6.307936587292659	
IRIS_313-10469	140.92380973802287	-2.8754011830814132	-5.696533638914284	-30.318552834648926	-3.98389206204284	
IRIS_313-10677	141.8962706855348	-2.635675533878041	-6.843328474960833	-36.063648128295675	-6.083103514572818	
IRIS_313-10679	133.85177088066067	2.9723331404472595	-4.548779848762575	59.00069332646658	-18.01554418747485	
B056	136.93445017782676	-8.482904247831836	-6.266906857417453	-50.02530245935363	6.979957007242431	
B057	130.07332463193117	-7.057784750067853	-7.361879620265893	-36.870992508238075	-4.002417632763032	
IRIS_313-8637	124.88059405990913	-0.5493116327270616	13.454548197540689	8.641560841283749	-13.355271951676867	
IRIS_313-9301	99.06399518022816	19.680549913284786	4.877849335828166	23.01270602157028	18.187938285616205	
IRIS_313-10689	102.39416523471252	3.73070504915559	-4.914181152192349	29.9074086285562	8.215398058927407	
IRIS_313-12217	142.79538923275192	0.17120624310320587	-4.747368809352272	-33.01456598957863	1.5866966916736054	
IRIS_313-10693	102.65005515807668	8.0952818774753	-0.16509812464918872	15.954039503835672	5.306129847979532	
B066	135.4881995272225	-2.773764921196723	-4.016912251796087	-23.77197973284939	0.489720622811306	
IRIS_313-12341	131.87483138598344	-2.175586263211245	-9.251240342256613	26.603284172394908	-24.34907579294634	
B068	141.6597015053191	-5.969218580550721	-2.131448188591105	-44.74032127255098	1.8261197036794428	
B069	63.31015051159404	142.97983134099513	113.8118381067936	42.114463062139606	154.3811654658036	
B070	77.38881656989346	152.53257878638507	123.14034676215493	45.67801233047743	171.71625542995358	
B071	106.76361705259481	18.902567291334655	17.834483228737383	-29.401572565292927	10.804627059567657	
IRIS_313-10703	105.94638101780208	21.193610989190343	2.266898589060406	39.141258424276394	24.661770296850406	
IRIS_313-10704	92.37728448993572	38.02227801777727	48.035482347501635	45.698519934194685	5.443824403338047	
B077	120.49843802854744	1.1405863205522233	-2.373997525381902	-33.557853268306744	3.4966579257177126	
IRIS_313-7876	90.42907821966253	51.39596115703944	68.83057051332148	28.62429438910528	13.908526342530172	
IRIS_313-9375	86.75988478531605	43.381913078686914	47.109324570883025	22.532874278196367	14.714099518456411	
IRIS_313-9379	143.20446634687497	-2.7369918180933204	-6.015792744623722	-26.86762225805354	-4.156371287921006	
IRIS_313-11829	141.29446273467045	-3.505816160129671	-6.339617155493036	-32.211067620440524	-5.15978726217839	
IRIS_313-11831	129.32001151191133	-1.2347250020973979	-7.47753576214601	33.11157019553177	-24.007435615077533	
IRIS_313-11832	126.70243472619246	11.898591057275162	-13.177308299770381	63.481947478247356	-24.97257898239156	
IRIS_313-11834	121.288163610313	4.992838167436268	-1.5066667245555196	58.097555193075685	-29.43794166469337	
IRIS_313-10722	108.73105320328258	21.432585954051866	0.7479885297333115	53.77335544761341	13.409982095951307	
CX248	96.2574169899544	51.10968882260502	57.38096011596263	52.87135990817178	34.404250209992945	
IRIS_313-9405	117.02738684671255	10.99291360186161	5.487740286157382	9.577414790612785	13.209598854200827	
B100	137.67269415165552	-4.921889087103661	-2.399019288168187	-28.48650715499509	7.8496166180025755	
B102	138.629230179422	-0.01768113013167505	-0.12814739011100906	-13.88578458622802	12.066297799527797	
B103	112.5151515909275	4.785441610102142	9.134478586542352	-26.95263241834849	9.981789686646568	
IRIS_313-11846	114.8433833959139	15.195620626117739	0.8423770873384462	47.925682151081	-23.64162606075218	
IRIS_313-10916	144.04345371014574	11.759864606101932	11.587092999937317	2.3600662091060465	33.42295512354805	
IRIS_313-12351	125.72481228051373	-3.443111985847838	-14.236276613240486	30.7342309043691	-32.3078472923076	
B109	135.8526465225743	-4.705474564184385	-3.791131539496303	-16.43033717316027	-2.187232886351057	
B110	122.76403162624725	-3.000312803381594	-3.9000934159500087	-18.43325343814556	-2.6810281494228594	
B111	127.52631176988378	-4.519172398961187	-2.789224621725866	-17.86193125027089	-4.296995161808105	
IRIS_313-10741	96.01489013767805	32.19099395457773	8.315049315186744	44.28005465080288	40.63846309008086	
IRIS_313-7883	98.86485432853407	56.478600088721734	77.10248916065143	2.717551115108947	17.93312057814897	
IRIS_313-7885	59.52752464728419	98.78575201849863	66.64943818748716	47.11695405582881	96.84028031950334	
IRIS_313-10744	96.46994059303898	10.911100030362404	-8.496567656953733	41.41880285892682	2.023916524612665	
IRIS_313-9470	41.83821340111945	108.39424302934054	77.46627760970605	50.866065147066855	60.92973277663648	
B122	127.73072873093467	-3.91579087263879	-4.358694673739285	-27.66994480275078	-0.7311663997866527	
CX129	107.9752398994576	21.761496708500513	-4.381056575767765	9.484813913156914	23.862787671106815	
IRIS_313-11875	151.86559104179472	20.861132125864827	17.945109999517694	-19.58739802681058	50.54357612233286	
IRIS_313-9529	127.38790024144119	-5.748159579859415	-3.7960301324349888	11.00362855663818	-12.783804713395108	
IRIS_313-10759	96.32791226882163	32.12664931871057	0.012659057778794836	47.915187020948736	24.24814375132128	
IRIS_313-10761	94.32405489928962	9.064970397993745	-4.483424624572942	34.48887278413364	0.10890869980867102	
B134	123.50827444893959	1.3873944839073884	0.02518622257637726	19.831084844717317	-11.814573750826932	
IRIS_313-10765	101.31253083509638	4.311850449855499	-4.061454421546203	8.570740603055068	7.274085722483238	
B136	137.2811947242911	-6.204613793350382	-3.977512236352809	-27.07808903606906	-2.0023967003665897	
IRIS_313-10767	112.43938550431893	2.1710043567668817	0.568932189350593	16.622026754821214	16.39861339960557	
IRIS_313-9558	79.59927818696339	50.9903425939847	63.12117778926337	30.325880912325523	2.394108136429395	
IRIS_313-10770	102.21619834120933	8.590099006511783	1.5462580563536976	27.044264148516056	18.988429166647464	
IRIS_313-9568	74.53343314942403	36.80975046261818	42.5789055070103	17.542486587001225	6.172365116108907	
IRIS_313-8140	100.88735296471559	55.840875831225276	89.17803822464683	-31.400866073580275	34.76553935059156	
IRIS_313-11075	97.04556344431647	20.87170413364509	34.55479819974773	21.60682001664853	-22.09608348640055	
IRIS_313-11897	122.75478191634224	0.2045675538412799	-10.649624930394923	55.30932725370768	-24.601199016637793	
B148	128.29198331006057	-1.7107785597313343	3.7448839402859777	-16.908709219292305	-3.1893169618786903	
IRIS_313-10780	107.1020247701294	8.131027723987952	-3.5942715122903732	25.089772173049653	4.319683586414426	
IRIS_313-10781	67.94005243698024	70.6114448179172	15.53778106962856	47.75861069389349	93.02532933528238	
B154	106.61873646118796	10.436264914496617	1.88780588045329	-22.88579563013308	2.0723077725167807	
IRIS_313-11311	116.35347678051315	10.505487490606184	5.7398316235863955	7.343249536514956	14.497223774292756	
IRIS_313-11908	142.03778667226402	-9.729813779805818	-2.316392846901867	-32.88458159896997	-1.5200391402275226	
IRIS_313-10789	96.9242291054181	3.089205087621501	-3.6335111656283	31.989992167479627	9.499587158915936	
B160	135.03632090514193	-8.169431706853079	-9.16268237037144	-27.391542477341552	-11.539680531783983	
B161	135.13282173364905	0.19487670596332896	-0.8923935030842141	-29.091058414661937	1.6976590607330744	
B162	140.00851262257996	-8.893825934140796	-9.055229743728434	-43.39200027052037	-0.2773069233703551	
IRIS_313-10793	61.51921297832204	122.76884427674054	84.63959237208911	62.9931544701951	83.87888597828835	
IRIS_313-10794	97.60358676733874	114.23412851773111	24.411137488049903	102.46874893519761	117.30685933189052	
B167	145.7099763993412	3.221396235865024	-2.0908673129998103	-36.68064236698	7.1602962896389695	
B168	77.3460413293588	130.88990065646038	118.30278963148281	-10.65227064475517	140.4420458433878	
IRIS_313-10801	109.75307315742407	19.074601131262263	3.4954091369363063	16.94340308370008	21.97408208647483	
IRIS_313-11922	132.34270980051727	-3.020616564494712	-9.561523134521442	31.04360586071339	-22.077045491470372	
IRIS_313-11329	63.34946503967448	41.58671579914492	57.25987990657826	7.890389104071077	3.4205950325300334	
IRIS_313-11924	136.27744020170738	7.077304161310289	7.337842863546043	29.60859608079865	1.6995075189250453	
IRIS_313-10805	66.79018883261874	60.01724718476399	12.332693568444007	57.480112597461456	86.27580634875503	
IRIS_313-9691	36.55838326095824	102.89466828265972	68.6992299576912	25.69398763460424	49.885715713582464	
B182	146.7472339624186	1.2511160548679945	-3.5225857963313763	-36.300620459489394	2.0740027093311917	
IRIS_313-11928	80.38593522316654	58.03226999056973	2.05786341822869	34.74890347012902	72.95918221550156	
IRIS_313-11337	80.12358838735574	32.86312693249734	45.09637070600143	23.96641708594629	-0.05443919976341949	
IRIS_313-9698	134.9834808762879	-6.661383793952507	-8.444566441792174	-29.583584756664653	-8.05610532330601	
IRIS_313-11571	136.6699341557965	-6.340730203801692	-5.872262461318879	-50.17439309994	6.9589476814443065	
IRIS_313-10815	95.4703576835309	3.5437352599356995	-4.508743745502437	31.772839687945556	1.227519302528953	
IRIS_313-10840	143.39382154023116	-0.2122508417228262	-1.6530797258705023	-32.12539504963589	10.165590560599643	
IRIS_313-8400	88.74852405568922	193.41718952607516	118.82353330755113	76.00466316997463	201.72300470714265	
IRIS_313-9724	136.72805478628248	-3.4600463016042937	-4.904276702194519	-45.98505458521039	0.4795875364450264	
IRIS_313-9725	135.6535633928341	-8.74962493530227	-10.977478607863857	-48.802288774944856	6.120561500006969	
IRIS_313-10827	80.94031256364407	43.6971910575684	45.77953187989393	42.78793117238306	5.235935886409791	
IRIS_313-10828	117.68007835597999	23.54735209308167	-0.47546132137444497	45.329180053165786	27.322528856006148	
B204	143.91736878679853	0.28653886780326987	-1.8175008476776242	-44.87916880239243	4.586179749515828	
B205	129.89739223220136	16.187636709526707	16.947498810529037	2.71400417219333	8.706938150523495	
IRIS_313-10831	72.44537499168638	63.51270278955346	17.213059447430698	48.21154185760904	79.55290684678357	
IRIS_313-9769	150.35155783399338	19.622703561882783	2.1529047805223525	-16.986388842699796	22.592592512578072	
B212	114.36000767647833	-4.3252300604559135	-3.7463498934983956	-28.927581706495943	-4.773158223524753	
B215	142.40049254140288	-9.947166673630166	-9.43170048677255	-44.70807438476777	1.2047638907660918	
IRIS_313-10838	143.65406354053079	0.5376173284988323	-2.7505292853399497	-35.15600436540102	8.581781166072538	
IRIS_313-10839	134.1052438395348	-6.405019893207463	-8.961484783800618	-26.667536244397333	-9.147236257286679	
B218	140.91711216730428	-0.3930018330147136	0.9363890521668032	-45.40217945509536	21.790334949621418	
B223	128.02692197573376	-4.05516916622817	-6.9558107651629015	-12.383246753625231	-5.76610743592027	
IRIS_313-9800	88.32524348318123	194.18444372490126	119.82886368601693	75.7086809219864	201.15561728530128	
B225	141.41015922316834	-1.678763941821807	-3.4884928592728204	-25.138293746006823	4.357987683461597	
B226	142.5166265431174	-3.604965514074624	1.130757326031376	-42.03419032411667	6.603409775467908	
IRIS_313-8162	142.1490162580491	-3.2769440044926927	-5.864083475505439	-34.78650573334314	-4.5543939021388145	
B228	130.16824739566982	7.188273786990646	2.4386509813814747	1.8652766926612816	-2.66484748587657	
IRIS_313-11971	95.54167989655544	-2.352826906964899	-6.1104297213619505	23.299223048049	0.7566803056937541	
B230	141.2423604420226	-1.1451250587821051	1.2221747162494017	-34.525684465081056	13.524424263615675	
CX212	124.22625211247986	-1.5403147999789066	-6.254325820006839	-31.015320244131996	-5.551891354074729	
IRIS_313-10848	111.63330403333053	0.0626919730514297	-0.2724270067233845	36.92178822607962	-6.0975575428388	
B235	112.06146984878906	15.88239180313977	-5.241689595756743	-36.42076558142848	17.987141919300377	
B236	136.26070926306394	-3.660769528131545	-7.44920154871019	-36.28111319127858	-0.08075323725480521	
IRIS_313-10862	135.8441350089443	29.77882036212205	9.92958927648699	59.70172215079763	16.678882714935586	
B240	141.23332481595156	-6.073919057590553	-0.6590376345245089	-42.752841433240434	14.295190539888111	
B241	138.48978283327963	11.28801115248628	7.069964414021408	49.36446527355903	-7.214567567650186	
IRIS_313-10865	126.08551067509842	7.439152199411463	-0.3739594797830468	42.074244444040275	-3.763748753104439	
IRIS_313-10866	130.5395945596063	5.400793382832458	-3.2910695640221768	48.40140607206288	-9.264057452099152	
IRIS_313-9884	139.032382469095	-3.9247849852627934	-7.18822806044611	-35.07744210476976	-6.813837467429069	
IRIS_313-9886	144.3065506513667	-4.034440842580622	-1.4330212062745629	-35.811002230612154	7.45810366257829	
IRIS_313-9887	140.92877584465268	-6.106358774412817	-1.0916329969382284	-27.766597331254893	0.8706367515170785	
IRIS_313-9890	143.2928507147185	-3.536500865392968	-0.40452630258800826	-35.628808372198776	3.6623138834969113	
IRIS_313-9891	142.43745897057562	-5.347731498609401	-1.7253540032479169	-40.35222928479806	2.594818623012389	
B250	140.60566763110108	-2.4260431814653707	-5.903131919218877	-32.16164749715553	-3.7850837033895446	
IRIS_313-10874	130.07286195844802	17.58741052272122	8.470419887739583	25.870568514536053	12.12372972631043	
IRIS_313-11994	81.0178142808366	45.100681866839565	67.80096594208145	24.19407518726158	12.301079920237989	
IRIS_313-11995	78.13170306494771	44.18919469917221	65.0565469897504	25.0243779604604	8.749766912377565	
B258	142.16289608001574	-1.1192894073200592	0.3951305386624995	-29.33479915936799	2.134497545576733	
IRIS_313-11328	112.23373986546548	9.155405057181708	-8.864291931192286	7.721060285245891	10.156455994378922	
B263	138.2949716608374	-5.974556912839643	-6.105413545760776	-27.781092450686756	-5.126619380441883	
IRIS_313-12003	135.74085439770596	-5.485999251023047	-6.364717436103291	-39.72048735088273	-2.945492248588946	
IRIS_313-10884	118.71833841550715	-0.8085901560748252	-13.614182246993252	30.62229253333111	-27.494224523640597	
B266	138.90496483250212	5.693886442033732	-6.751109222137725	42.73901319378255	-18.19835765032039	
IRIS_313-12006	103.51108437838771	19.638141777477394	2.67683663943201	54.781034803885035	20.802712384209393	
B269	137.0561655098468	-6.734612644926866	-7.3747866176905505	-27.944958328278528	-7.641907435303368	
IRIS_313-10889	131.8975452529915	9.335145792962269	11.800872586100406	54.653817499707685	1.18575154821075	
IRIS_313-10890	123.99798181594433	4.721235004116387	-2.9447052730151158	43.789558382875775	-14.48573509835272	
IRIS_313-8279	85.16950785634926	38.942779124549155	51.161943558768485	42.02897182979904	15.822770499466504	
IRIS_313-10893	125.61111846851378	7.205174431839945	-11.400000636543131	45.06968540548006	-20.110871896692565	
IRIS_313-10766	92.10077602893277	11.88678998684319	1.5986491733451644	21.303071121220043	-1.1572175905206965	
IRIS_313-10895	133.69527349131886	24.168322097350035	2.3277103740301737	74.47470164003471	16.589791707800728	
IRIS_313-9974	144.81260553136775	-1.4432251621892667	-3.1918055644767156	-26.187531916497065	-0.8264570831701268	
IRIS_313-9996	132.70220988277265	-2.6344539583550057	-9.53351834737286	-30.12075358632307	-6.839006278138921	
IRIS_313-10074	95.62276808206508	198.53301720616602	116.02388626148935	78.17685146026021	196.71502464986193	
IRIS_313-12144	108.12018694421744	13.612119636941342	-5.317868644454952	29.76848630236933	1.061781897770969	
IRIS_313-12045	112.43147313836589	5.777361372934276	-10.84918741037617	28.279016251846816	6.299276158894089	
IRIS_313-8381	118.5338055638346	13.39927824659378	-7.473974619806527	17.58020152164218	12.259611729170635	
IRIS_313-12051	73.78562701948208	40.277988980584716	60.68221785785675	22.66843622589609	-3.447078130656514	
IRIS_313-10923	128.7013704717243	2.709750250901004	0.35276509917728777	46.97564054653932	-15.23347695774272	
IRIS_313-12059	138.68231366595893	-1.203704578738054	5.368436508829634	-41.46979412537714	18.602042024285783	
IRIS_313-10059	132.26786847304925	-6.164946079607804	-9.709324251115213	-27.45663821780723	-9.372035520239429	
IRIS_313-12061	138.93870190561498	-9.490014072208542	-2.08428532657556	-37.01982964805231	-1.8216100571518048	
IRIS_313-11464	116.09761700515693	10.219044864377222	-4.660545405604407	15.781063719514774	5.034934460893728	
IRIS_313-10092	133.87832789848977	-5.336440090871138	-7.241640390647618	-29.218633125487234	-4.214293481317689	
IRIS_313-10067	127.67681740830507	152.77989044320393	106.4894548549926	71.27520535110806	139.81377011108248	
IRIS_313-10073	88.65242013611372	203.74113982167052	114.12982739732546	81.79164950574399	204.6087880923375	
IRIS_313-11473	144.6342834928052	44.72716416930022	23.22016254375229	35.42996805972957	41.36996834425015	
IRIS_313-12070	79.10197025816042	44.48602963512239	61.976731876627014	29.328002609764777	-0.5987983402227932	
IRIS_313-12071	134.25539780426783	-1.048611732621003	-5.27683523210124	42.29435754480298	-24.787641203236618	
IRIS_313-10078	128.9223031399012	152.59559251663947	106.15406844267179	71.74429067277485	139.8199250824525	
IRIS_313-10080	88.38620056595194	201.97564450594535	114.3755158506478	81.06609163962861	202.73540909102448	
IRIS_313-10946	59.04971995505265	114.42148942274515	79.13071824854198	60.287036728787115	57.18662557237103	
IRIS_313-10949	63.921739810323565	55.001384160113204	68.04946248757564	43.45099443506403	24.09728205059	
IRIS_313-10094	124.35421228043667	151.36558633145916	104.61082521305705	70.00672839034607	136.83536347163354	
IRIS_313-10096	111.77723155355682	115.9014581005925	102.33413357642462	38.83698533917395	118.84547868519255	
IRIS_313-10097	146.25374445070457	-1.8971572758385504	-3.5484779199994887	-32.77394256299726	0.06600688566499863	
IRIS_313-11984	140.07901782560876	-8.907279669499605	-4.304455780648561	-37.955280840423455	0.9336718785038478	
IRIS_313-8481	141.2114242353225	-0.9027094332386152	-5.385008715275009	-39.60936593848219	-0.6878364455254451	
IRIS_313-11494	121.90904898267684	2.2027182736824558	-2.5816981978783415	43.64860939677433	-14.17518361728677	
IRIS_313-8486	134.7335148473354	-7.60519092321502	0.7475179965151995	8.141119919722625	-4.3847301282731	
IRIS_313-11496	102.74751381887152	28.309252692402673	2.5165175349301183	31.826152479195443	40.96197185019197	
IRIS_313-10959	101.3315962056007	61.4734804859429	66.63954722191434	62.99566759113617	31.271062819552984	
IRIS_313-10960	82.10573294285017	48.69368443730919	50.63469222290829	50.073045227952576	13.246288114865933	
IRIS_313-10124	150.23286618712746	-0.05675306670680613	-2.332707941795057	-53.30985067698862	16.642964468667603	
IRIS_313-8519	127.60795699597668	-5.969359786722796	9.066812873865047	25.532506652466964	5.470352448205944	
IRIS_313-10867	125.5168374655152	3.7821085440142967	3.0082364861411643	47.615055978504785	-1.297018919308711	
IRIS_313-12134	131.23128195395032	6.09588251241839	-4.392757859428153	84.74523287096056	-19.510886473961637	
IRIS_313-11511	110.7034505255892	39.879963634111014	57.11721407385015	35.84057422328562	31.307099891401837	
IRIS_313-8565	97.57185942299337	27.147793404749766	8.994640049171483	37.23690213960365	11.693235464857938	
B245	142.11636556632632	4.948409900789603	-0.5791617610357286	1.0905539956760881	4.252966321548194	
IRIS_313-8572	111.8436526549806	63.68614201442052	60.24387590654395	35.18604394648396	44.45941389173498	
IRIS_313-8578	125.04950046120503	5.599879589897923	3.122625840641368	45.97199283768628	-24.357257763896268	
IRIS_313-8580	135.91474060368395	17.781794349972706	14.250938728380675	56.99933001928985	5.102699096377345	
IRIS_313-11653	138.22906584755947	-0.3682608855989614	-5.786508271382779	-30.051644548318293	0.9679775213555659	
IRIS_313-11900	126.51995831463579	0.6622333874893064	-1.6246908809912544	39.31112285635283	-29.77297477497736	
IRIS_313-11495	61.89091020995799	114.36741503194942	96.05374486740493	53.977580042952575	100.59255660862489	
IRIS_313-10837	142.97056809349698	-2.02830499660866	-1.4206714930313633	-25.857147051976156	2.47571047535308	
IRIS_313-10870	126.57020786460471	10.818063183067943	0.6697631155511985	36.69989716386352	-10.877226940274442	
IRIS_313-12108	122.11948853659406	11.250660537253827	-0.5906916932435867	27.42611514772976	16.615913094637197	
IRIS_313-8626	108.0432467166031	9.92670509711085	-8.21147167879475	12.317989667470883	9.335148822196038	
IRIS_313-11045	73.19729756167203	68.28563676099013	-6.399698401417071	26.63965664394627	70.04018082526444	
IRIS_313-12200	136.65752490190937	2.5530303268368804	-7.451272929979487	26.63858946308179	-19.642186513698885	
IRIS_313-10994	75.36178281864142	35.967886116710396	54.72270596755261	24.923580487842983	18.957026220590414	
CX116	139.08617593014955	-2.5524531338523473	-8.677189118713699	-30.143697507226637	-5.598574515509265	
B196	126.823723612518	146.64884022585844	103.06138546569342	69.50484971925627	132.49724468819173	
IRIS_313-10999	75.66506198405052	56.62426443166112	62.351325548198965	45.42914176090621	21.89600543256256	
IRIS_313-12226	128.57030324826576	3.0058862881943003	-3.9228614891838816	44.15131131006271	-7.000161096681588	
IRIS_313-12227	122.4370107284089	-0.04318759681013329	-9.602127321899188	55.47948475826421	-27.856800205345632	
IRIS_313-12228	128.8591102221931	-3.3431745313556185	-10.644819498575076	41.87812656852648	-29.438054972711036	
IRIS_313-11007	65.55367724887647	60.207269610370226	12.811137152278377	56.27486384431191	85.32643202002585	
IRIS_313-11008	57.81288353726845	31.59282167460068	31.727563482357763	26.639275197074504	-7.723031504421348	
IRIS_313-11009	79.56555801919983	40.61745448534519	47.117832662512455	33.176037603709126	6.57802854844058	
CX140	138.08064445411398	-5.410487618991822	-7.153024408123427	-34.16980256075162	-5.853216460836119	
IRIS_313-12242	126.45138210743274	-1.510687134065965	-6.551544376345694	51.420090457359194	-20.474461464180195	
IRIS_313-11973	147.83945429858247	-1.7995998058563754	-0.10766451158569423	-38.496622304990076	4.946430547951107	
IRIS_313-8690	130.77374040744047	-2.249346826379137	-6.520692773257928	-17.45341395636703	3.0943520329199803	
IRIS_313-11574	135.89105631949894	-5.018873705263141	-4.846555158483239	-42.4939727440575	1.0801506720063578	
IRIS_313-12252	130.83851864741675	6.404740156083686	-5.067042501506016	82.54325097309791	-20.23210764488972	
IRIS_313-10564	136.98993620295337	-4.8928625029760555	-9.059287032319528	-34.23648560059753	-6.244475925122054	
IRIS_313-12258	129.1668033228763	-0.9278507861260674	-10.673505155099349	35.14996594155208	-24.399950285003023	
IRIS_313-12129	129.2118848423417	1.2200030680674832	-7.9809438176743575	55.71862176339055	-28.57710391061757	
IRIS_313-11582	137.15211695010763	-5.833320743531879	-10.00638760273447	-46.60366117679971	8.944568217603473	
IRIS_313-12262	128.62952841686499	-0.8112989756532809	-9.648010269900256	39.167446404703306	-22.15498868939669	
IRIS_313-12265	130.43547744241278	-4.12080253339459	-10.401505849811306	42.66900433869998	-27.572021742501526	
IRIS_313-8735	134.12943825515148	-0.35469702601483877	-6.66098944815766	-24.341599530831218	-0.1822492974210111	
IRIS_313-12272	89.20193596075308	31.34651493789822	47.65899504739404	41.44979980159336	10.540459110849895	
IRIS_313-10798	63.46494504546163	94.12498364905771	73.86701084297559	51.368909559563235	93.99580629734723	
IRIS_313-10453	75.38348678506638	172.93592836534899	122.80474051988796	58.347175872463666	184.13530692448253	
IRIS_313-11044	90.13173417818521	40.59330206105141	6.767900946348074	4.040903531338881	35.53227406284448	
IRIS_313-12285	84.02149070088595	42.22385386774348	51.16681691323137	16.35686687359026	22.547219491914397	
IRIS_313-11611	96.01314346282437	6.3724843433352385	-8.090562334942247	35.94413107606557	10.923937745302336	
IRIS_313-8883	136.10153722058533	-0.28226587161772687	-3.0241848571981667	-27.852959053000497	1.363793709311347	
IRIS_313-12289	85.45793207606	34.31918133422022	58.123718973349625	29.04714086188505	-27.82950157090211	
CX151	86.67403621838488	43.57166378004415	46.97420593146893	39.62588897023193	28.096850667624224	
IRIS_313-10886	132.05726202863505	12.395403595032636	-5.030461723686162	66.81530012754268	-13.634391450908648	
IRIS_313-12299	124.05565017460209	0.7402564508832538	-12.332176124684956	49.14371410376024	-31.650596404091747	
IRIS_313-11623	124.09182245341329	9.693724715081995	7.252628813788402	60.90175422352358	-9.850625218306202	
IRIS_313-11913	81.40729785316924	60.24344642741068	72.13854494601979	49.527341035515136	20.551476190499834	
IRIS_313-12307	111.86430961150681	13.505999776228595	34.32801668714554	33.35179355556035	-28.831299966262304	
IRIS_313-8815	129.99297538082817	-7.852468390635571	-1.5021398246386508	10.782862891377668	-12.069765148480933	
IRIS_313-12312	111.14381099158511	15.423998483082595	36.43512153186787	40.759434380578305	-30.434417286004727	
IRIS_313-12313	104.24076423939296	23.530760661795128	41.80754359891418	58.2639151324221	-21.04170319792498	
IRIS_313-10430	136.92817650998697	-5.2355025629529885	-8.228643195107525	-36.061593834087944	-5.600918896064185	
IRIS_313-12321	129.5139322091123	0.9498039233566662	-3.5983605580142757	65.25360234211378	-19.68338554179841	
IRIS_313-12322	132.22931133368286	2.1382668734202523	-6.144543792751316	41.91402524828764	-18.935440214883297	
IRIS_313-12323	128.23491704826898	-2.0320552864766013	-9.086080517346396	45.40434128494737	-27.10200889384788	
IRIS_313-8857	131.25185631801594	-7.722113848087599	-3.456227817652118	9.717407149799353	-13.200743958809298	
IRIS_313-11073	131.56030564782736	-4.070006411036872	-8.04809601129455	26.375922060009028	-19.32102487902408	
IRIS_313-12330	122.86637481766084	0.9528712682944771	-1.7463133709610885	42.52923544436208	-29.467377403681276	
IRIS_313-11575	138.41218317261274	-4.3319028539700675	-4.43834122359588	-37.37222711402117	0.9215046782097912	
IRIS_313-12336	136.92992974113847	4.358927663041775	-5.225897340929762	41.443596880201184	-14.739513980611093	
IRIS_313-12337	125.4849021769021	9.208142706137634	4.251447043123846	60.58324291057873	-7.601963550070292	
IRIS_313-12340	135.21915287742982	-0.6999512203580422	-7.225712720316528	16.81298319597163	-18.356883875704035	
IRIS_313-11652	137.64319641073354	-5.8893463659330845	-4.188656548690978	-45.15643034837708	2.596591376843652	
IRIS_313-12342	134.7302526852165	3.058958495520472	-4.144762905208024	59.38585802053484	-18.336272398749998	
IRIS_313-11654	142.31145340882125	7.070862118484541	0.09896070931092638	-10.412233523606556	8.417663943781982	
IRIS_313-11655	129.74598002591668	0.22431545740658	-3.4815567265667053	-20.57700725945936	7.8996258126602985	
IRIS_313-12346	126.82953462969074	-0.09495707549674501	-9.288594672482526	55.09091096265711	-25.078365927284715	
IRIS_313-8894	106.14495141172584	15.586351856597247	-1.6553678079821035	33.44125390235076	26.248944549345705	
IRIS_313-12348	127.63554915391478	-3.106560765835428	-10.21585675450976	44.90158478740055	-29.77363133628443	
IRIS_313-12349	131.04518417160904	-2.696708763706404	-10.303878338441283	43.59158674480187	-29.303444034720222	
IRIS_313-12350	126.97942851707639	2.8340519059184093	-3.2937381664791157	66.11434471316694	-17.870498071631523	
IRIS_313-11661	94.06721233098943	41.1749191304571	74.32414758528562	-11.570015184029186	-2.946145564559857	
IRIS_313-12352	109.82523057659995	23.908774370305633	47.81986641301084	37.849576817581735	-17.551163986705784	
IRIS_313-12353	123.83280805106861	1.8299310540914582	-1.2811685694299917	28.930933503124002	-28.193118963077087	
IRIS_313-10888	131.44973020538782	0.7441501208354384	-6.75647332256874	39.36170570550103	-12.486087639126554	
IRIS_313-11094	125.97876663507685	0.19043496206338495	-12.702023209318254	50.02614154330205	-32.872845070553325	
IRIS_313-11522	142.49774243436366	1.2594384993906618	7.69313925295944	-35.04345466438142	21.23853370160751	
IRIS_313-11672	134.1305358028941	-3.953450425785812	-7.367955300599981	-34.52809754143556	-4.024469607869163	
IRIS_313-11673	77.73345179168409	48.241457239389575	57.42416287514195	42.96627821471542	-1.6704525507990202	
IRIS_313-15904	131.4962787149783	0.46314234709234336	-5.1027500531814125	-32.781804721103136	8.223431568632744	
IRIS_313-8955	71.89545467356749	43.56654343034674	54.66392187751643	6.357316160772474	-4.148156549268379	
CX315	132.01943624114114	-5.601412450085515	-2.458663858767193	-38.565981607012176	-0.10680655742767847	
IRIS_313-10802	99.24915510677154	7.544452306166324	-3.9174496760524757	41.84928655695738	13.207307136546891	
IRIS_313-11689	142.8363493527935	-2.4188373688500997	-6.1098084581937915	-31.67898749475795	-3.2018113632976015	
IRIS_313-11691	135.88617755041864	-7.0920273646074765	0.45966246572900005	19.413046191185856	-4.048752012222127	
IRIS_313-10656	128.2477173997214	7.88799959210866	-2.3117003654574204	78.58452638250087	-22.65987571765583	
IRIS_313-8998	106.10844684702069	21.691024181707455	-5.479218469025425	32.50740291886587	15.636092157535217	
IRIS_313-8999	129.85135089306806	6.978287806911831	3.548836637958213	8.658790015350624	3.8018430983256097	
IRIS_313-12060	143.07587837202382	1.0968182475341723	7.550092786838059	-35.35976964415221	20.928761388202645	
IRIS_313-10559	138.3816973298016	-3.3473198386159413	-4.631181656694703	-48.669459442842424	1.9822035417936843	
IRIS_313-12164	89.69065367713398	67.94391922823816	10.378462191904134	88.57681454115865	69.98604760520806	
IRIS_313-12068	69.06563796622466	53.91965872556737	64.52457654420114	32.91553685951815	17.46147514310994	
IRIS_313-9050	79.44800745527867	33.06584288551207	48.97756613541256	32.4609119849664	1.050538580661945	
CX306	139.41042272709578	-5.303670265739852	-2.4883906993188534	-49.24542442466114	4.276482447339363	
IRIS_313-10437	133.58108611629714	-7.570524207876211	-8.34661142350755	-31.278356596135893	-8.801227716767908	
IRIS_313-10567	136.20747889230495	-4.803739089005795	-7.214223047222758	-30.159002260424877	-7.697571839490181	
IRIS_313-8599	125.23879432104802	4.891181667253165	-0.6799178825876433	53.72802082812641	-33.41300391899836	
IRIS_313-10569	137.66693882359195	-5.921564426924233	-5.795407462767177	-27.301467282156864	-6.236914063970164	
IRIS_313-10570	138.11840482899692	-3.526974515618489	-7.3180132519872165	-30.345707232506967	-6.4153709773103	
IRIS_313-11892	124.20591240754804	9.24697845880892	3.5766178483567805	77.99560300225686	-23.476917058129928	
IRIS_313-10440	140.18233795382108	0.10521013830318982	-3.6974152099652917	-32.77346519027079	11.120450288770408	
IRIS_313-9081	133.3267633604084	-4.131926081563276	-5.810920200258977	-30.992795170807522	-3.7154448212178766	
IRIS_313-11851	108.76130488099061	62.06668890030617	61.04342150708271	48.48526564086697	43.23748498893377	
IRIS_313-10577	147.68563049175756	43.79972106071349	20.967676092539158	38.03465625121824	43.65264148958796	
IRIS_313-10578	73.8185221471107	48.28174561662604	61.38402448830613	17.895575147863077	8.725580488074588	
B183	136.6925323684227	-3.7858010234848023	-7.312476456241361	-30.693644049595015	-5.530850256195365	
IRIS_313-10582	144.7185731192486	39.19480756722781	21.615543537711723	31.50138275111861	39.322154972111214	
IRIS_313-9048	123.68919612769123	-2.914144712478519	9.667164593594904	10.009851103304042	-7.648847596764855	
IRIS_313-10568	136.69117544092157	-5.802423392413948	-7.883589661723709	-32.23103363102858	-7.310598404015756	
IRIS_313-11736	91.72557636818527	48.2947794917182	57.73350800293421	34.74915997077752	29.753382611494732	
IRIS_313-11929	54.34633246027734	93.07365748801854	66.6604954382475	31.9138059043414	51.99917549809669	
IRIS_313-8356	114.735487546545	53.77838801323156	60.25990567879938	42.9269529765077	60.74587249817924	
CX383	134.60727051975115	1.9351183167945005	0.9508341030061036	-27.153307814031752	20.700643474525425	
